time channel1 channel2 channel3
-6e-08 -0.2 -0.4 0.0
-5.99e-08 -0.2 -0.4 0.0
-5.979999999999999e-08 -0.2 -0.4 0.0
-5.97e-08 -0.2 -0.4 0.0
-5.96e-08 -0.2 -0.4 0.0
-5.95e-08 -0.2 -0.4 0.0
-5.9399999999999996e-08 -0.2 -0.2 0.0
-5.9299999999999995e-08 -0.2 -0.2 0.0
-5.9199999999999994e-08 -0.2 -0.2 -0.2
-5.909999999999999e-08 -0.2 -0.2 -0.2
-5.899999999999999e-08 -0.2 -0.4 0.0
-5.889999999999999e-08 -0.2 -0.4 0.0
-5.88e-08 -0.2 -0.4 0.2
-5.8699999999999996e-08 -0.2 -0.4 0.2
-5.8599999999999995e-08 -0.2 -0.4 0.0
-5.8499999999999994e-08 -0.2 -0.4 0.0
-5.8399999999999994e-08 -0.2 0.0 0.0
-5.829999999999999e-08 -0.2 0.0 0.0
-5.819999999999999e-08 -0.2 0.0 0.0
-5.81e-08 -0.2 0.0 0.0
-5.7999999999999997e-08 -0.2 0.0 0.0
-5.7899999999999996e-08 -0.2 0.0 0.0
-5.7799999999999995e-08 -0.2 0.0 0.2
-5.7699999999999994e-08 -0.2 0.0 0.2
-5.759999999999999e-08 -0.2 0.0 0.2
-5.749999999999999e-08 -0.2 0.0 0.2
-5.74e-08 -0.2 0.0 0.2
-5.73e-08 -0.2 0.0 0.2
-5.7199999999999996e-08 -0.2 0.0 0.2
-5.7099999999999995e-08 -0.2 0.0 0.2
-5.6999999999999994e-08 -0.2 0.0 0.2
-5.6899999999999993e-08 -0.2 0.0 0.2
-5.679999999999999e-08 -0.2 0.0 0.2
-5.669999999999999e-08 -0.2 0.0 0.2
-5.66e-08 -0.2 0.0 0.0
-5.6499999999999996e-08 -0.2 0.0 0.0
-5.6399999999999995e-08 -0.2 -0.2 0.2
-5.6299999999999995e-08 -0.2 -0.2 0.2
-5.6199999999999994e-08 -0.2 0.0 0.2
-5.609999999999999e-08 -0.2 0.0 0.2
-5.599999999999999e-08 -0.2 0.0 0.2
-5.589999999999999e-08 -0.2 0.0 0.2
-5.58e-08 -0.2 0.0 0.2
-5.5699999999999996e-08 -0.2 0.0 0.2
-5.5599999999999995e-08 -0.2 0.0 0.2
-5.5499999999999994e-08 -0.2 0.0 0.2
-5.539999999999999e-08 -0.2 0.0 0.2
-5.529999999999999e-08 -0.2 0.0 0.2
-5.519999999999999e-08 -0.2 0.0 0.2
-5.51e-08 -0.2 0.0 0.2
-5.4999999999999996e-08 -0.2 0.0 0.0
-5.4899999999999995e-08 -0.2 0.0 0.0
-5.4799999999999994e-08 -0.2 0.0 0.0
-5.4699999999999994e-08 -0.2 0.0 0.0
-5.459999999999999e-08 -0.2 0.0 0.2
-5.449999999999999e-08 -0.2 0.0 0.2
-5.44e-08 -0.2 0.0 0.2
-5.4299999999999997e-08 -0.2 0.0 0.2
-5.4199999999999996e-08 -0.2 0.0 0.2
-5.4099999999999995e-08 -0.2 0.0 0.2
-5.3999999999999994e-08 -0.2 0.0 0.2
-5.389999999999999e-08 -0.2 0.0 0.2
-5.379999999999999e-08 -0.2 0.0 0.2
-5.37e-08 -0.2 0.0 0.2
-5.36e-08 -0.2 0.0 0.2
-5.3499999999999996e-08 -0.2 0.0 0.2
-5.3399999999999995e-08 -0.2 0.0 0.2
-5.3299999999999994e-08 -0.2 0.0 0.2
-5.319999999999999e-08 -0.2 0.0 0.2
-5.309999999999999e-08 -0.2 0.0 0.2
-5.299999999999999e-08 -0.2 -0.2 0.2
-5.29e-08 -0.2 -0.2 0.2
-5.2799999999999996e-08 -0.2 -0.2 0.2
-5.2699999999999995e-08 -0.2 -0.2 0.2
-5.2599999999999995e-08 -0.2 0.0 0.2
-5.2499999999999994e-08 -0.2 0.0 0.2
-5.239999999999999e-08 -0.2 0.0 0.2
-5.23e-08 -0.2 0.0 0.2
-5.219999999999999e-08 -0.2 -0.2 0.2
-5.2099999999999997e-08 -0.2 -0.2 0.2
-5.1999999999999996e-08 -0.2 0.0 -0.2
-5.1899999999999995e-08 -0.2 0.0 -0.2
-5.1799999999999994e-08 -0.2 0.0 -0.2
-5.169999999999999e-08 -0.2 0.0 -0.2
-5.159999999999999e-08 -0.2 0.0 -0.2
-5.149999999999999e-08 -0.2 0.0 -0.2
-5.14e-08 -0.2 0.0 -0.2
-5.1299999999999996e-08 -0.2 0.0 -0.2
-5.1199999999999995e-08 -0.2 0.0 -0.2
-5.1099999999999994e-08 -0.2 0.0 -0.2
-5.0999999999999993e-08 -0.2 0.0 -0.2
-5.089999999999999e-08 -0.2 0.0 -0.2
-5.079999999999999e-08 -0.2 0.0 0.0
-5.07e-08 -0.2 0.0 0.0
-5.0599999999999996e-08 -0.2 -0.2 -0.2
-5.0499999999999996e-08 -0.2 -0.2 -0.2
-5.0399999999999995e-08 -0.2 -0.4 -0.2
-5.0299999999999994e-08 -0.2 -0.4 -0.2
-5.019999999999999e-08 0.0 -0.2 0.0
-5.009999999999999e-08 0.0 -0.2 0.0
-5e-08 0.0 -0.2 0.0
-4.989999999999999e-08 0.0 -0.2 0.0
-4.9799999999999996e-08 -0.2 -0.4 -0.2
-4.9699999999999995e-08 -0.2 -0.4 -0.2
-4.9599999999999994e-08 -0.2 -0.2 -0.2
-4.949999999999999e-08 -0.2 -0.2 -0.2
-4.939999999999999e-08 -0.2 -0.4 -0.2
-4.93e-08 -0.2 -0.4 -0.2
-4.919999999999999e-08 -0.2 -0.2 -0.2
-4.9099999999999996e-08 -0.2 -0.2 -0.2
-4.8999999999999995e-08 0.0 -0.2 -0.2
-4.8899999999999995e-08 0.0 -0.2 -0.2
-4.8799999999999994e-08 0.0 -0.2 -0.2
-4.869999999999999e-08 0.0 -0.2 -0.2
-4.859999999999999e-08 -0.2 -0.2 -0.2
-4.849999999999999e-08 -0.2 -0.2 -0.2
-4.8399999999999997e-08 -0.2 -0.2 0.0
-4.8299999999999996e-08 -0.2 -0.2 0.0
-4.8199999999999995e-08 -0.2 -0.4 0.0
-4.8099999999999994e-08 -0.2 -0.4 0.0
-4.799999999999999e-08 -0.2 -0.2 -0.2
-4.789999999999999e-08 -0.2 -0.2 -0.2
-4.779999999999999e-08 0.0 -0.2 -0.2
-4.77e-08 0.0 -0.2 -0.2
-4.7599999999999996e-08 -0.2 -0.4 -0.2
-4.7499999999999995e-08 -0.2 -0.4 -0.2
-4.7399999999999994e-08 -0.2 -0.2 -0.2
-4.7299999999999993e-08 -0.2 -0.2 -0.2
-4.719999999999999e-08 0.0 -0.4 0.0
-4.709999999999999e-08 0.0 -0.4 0.0
-4.7e-08 -0.2 -0.4 0.0
-4.6899999999999996e-08 -0.2 -0.4 0.0
-4.6799999999999996e-08 -0.2 0.0 0.0
-4.6699999999999995e-08 -0.2 0.0 0.0
-4.6599999999999994e-08 0.0 0.0 0.0
-4.649999999999999e-08 0.0 0.0 0.0
-4.639999999999999e-08 -0.2 -0.2 0.0
-4.63e-08 -0.2 -0.2 0.0
-4.619999999999999e-08 -0.2 -0.2 0.0
-4.6099999999999996e-08 -0.2 -0.2 0.0
-4.5999999999999995e-08 -0.2 -0.2 0.0
-4.5899999999999994e-08 -0.2 -0.2 0.0
-4.579999999999999e-08 -0.2 0.0 0.0
-4.569999999999999e-08 -0.2 0.0 0.0
-4.56e-08 -0.2 0.0 0.0
-4.549999999999999e-08 -0.2 0.0 0.0
-4.5399999999999996e-08 -0.2 -0.2 -0.2
-4.5299999999999995e-08 -0.2 -0.2 -0.2
-4.5199999999999994e-08 -0.2 -0.2 -0.2
-4.5099999999999994e-08 -0.2 -0.2 -0.2
-4.499999999999999e-08 -0.2 -0.2 -0.2
-4.49e-08 -0.2 -0.2 -0.2
-4.479999999999999e-08 -0.2 0.0 -0.2
-4.4699999999999997e-08 -0.2 0.0 -0.2
-4.4599999999999996e-08 -0.2 0.0 -0.2
-4.4499999999999995e-08 -0.2 0.0 -0.2
-4.4399999999999994e-08 -0.2 0.0 -0.2
-4.429999999999999e-08 -0.2 0.0 -0.2
-4.42e-08 -0.2 0.0 -0.2
-4.409999999999999e-08 -0.2 0.0 -0.2
-4.4e-08 -0.2 -0.2 -0.2
-4.389999999999999e-08 -0.2 -0.2 -0.2
-4.3799999999999995e-08 -0.2 0.0 0.0
-4.3699999999999994e-08 -0.2 0.0 0.0
-4.3599999999999993e-08 -0.2 0.0 0.0
-4.349999999999999e-08 -0.2 0.0 0.0
-4.339999999999999e-08 -0.2 0.0 -0.2
-4.33e-08 -0.2 0.0 -0.2
-4.319999999999999e-08 -0.2 0.0 -0.2
-4.3099999999999996e-08 -0.2 0.0 -0.2
-4.2999999999999995e-08 -0.2 0.0 -0.2
-4.2899999999999994e-08 -0.2 0.0 -0.2
-4.279999999999999e-08 -0.2 0.0 -0.2
-4.269999999999999e-08 -0.2 0.0 -0.2
-4.26e-08 0.0 0.0 -0.2
-4.249999999999999e-08 0.0 0.0 -0.2
-4.2399999999999996e-08 -0.2 0.0 0.0
-4.2299999999999995e-08 -0.2 0.0 0.0
-4.2199999999999994e-08 -0.2 -0.2 0.0
-4.209999999999999e-08 -0.2 -0.2 0.0
-4.199999999999999e-08 -0.2 -0.4 0.0
-4.19e-08 -0.2 -0.4 0.0
-4.179999999999999e-08 0.0 -0.2 0.0
-4.1699999999999996e-08 0.0 -0.2 0.0
-4.1599999999999995e-08 -0.2 -0.2 0.0
-4.1499999999999994e-08 -0.2 -0.2 0.0
-4.1399999999999994e-08 -0.2 -0.4 -0.2
-4.129999999999999e-08 -0.2 -0.4 -0.2
-4.12e-08 -0.2 -0.4 -0.2
-4.109999999999999e-08 -0.2 -0.4 -0.2
-4.0999999999999997e-08 -0.2 -0.4 0.0
-4.089999999999999e-08 -0.2 -0.4 0.0
-4.0799999999999995e-08 -0.2 -0.2 0.0
-4.0699999999999994e-08 -0.2 -0.2 0.0
-4.059999999999999e-08 -0.2 -0.2 -0.2
-4.05e-08 -0.2 -0.2 -0.2
-4.039999999999999e-08 -0.2 -0.2 -0.2
-4.03e-08 -0.2 -0.2 -0.2
-4.019999999999999e-08 -0.2 -0.2 -0.2
-4.0099999999999995e-08 -0.2 -0.2 -0.2
-3.9999999999999994e-08 -0.2 -0.2 -0.2
-3.9899999999999993e-08 -0.2 -0.2 -0.2
-3.979999999999999e-08 0.0 -0.2 -0.2
-3.969999999999999e-08 0.0 -0.2 -0.2
-3.96e-08 -0.2 -0.4 -0.2
-3.949999999999999e-08 -0.2 -0.4 -0.2
-3.9399999999999995e-08 -0.2 -0.2 -0.2
-3.9299999999999995e-08 -0.2 -0.2 -0.2
-3.9199999999999994e-08 -0.2 -0.2 0.0
-3.909999999999999e-08 -0.2 -0.2 0.0
-3.899999999999999e-08 -0.2 -0.4 0.0
-3.89e-08 -0.2 -0.4 0.0
-3.879999999999999e-08 0.0 -0.4 0.0
-3.8699999999999996e-08 0.0 -0.4 0.0
-3.8599999999999995e-08 0.0 -0.4 0.0
-3.8499999999999994e-08 0.0 -0.4 0.0
-3.839999999999999e-08 -0.2 -0.4 -0.2
-3.829999999999999e-08 -0.2 -0.4 -0.2
-3.82e-08 -0.2 -0.4 -0.2
-3.809999999999999e-08 -0.2 -0.4 -0.2
-3.7999999999999996e-08 -0.2 0.0 -0.2
-3.7899999999999995e-08 -0.2 0.0 -0.2
-3.7799999999999994e-08 -0.2 -0.2 -0.2
-3.7699999999999993e-08 -0.2 -0.2 -0.2
-3.759999999999999e-08 -0.2 -0.2 0.0
-3.75e-08 -0.2 -0.2 0.0
-3.739999999999999e-08 -0.2 0.0 -0.2
-3.7299999999999997e-08 -0.2 0.0 -0.2
-3.719999999999999e-08 -0.2 0.0 -0.2
-3.7099999999999995e-08 -0.2 0.0 -0.2
-3.6999999999999994e-08 0.0 0.0 -0.2
-3.689999999999999e-08 0.0 0.0 -0.2
-3.68e-08 0.0 0.0 0.0
-3.669999999999999e-08 0.0 0.0 0.0
-3.66e-08 0.0 0.0 0.0
-3.649999999999999e-08 0.0 0.0 0.0
-3.6399999999999995e-08 0.0 0.0 0.0
-3.6299999999999994e-08 0.0 0.0 0.0
-3.619999999999999e-08 0.0 0.0 0.0
-3.609999999999999e-08 0.0 0.0 0.0
-3.599999999999999e-08 -0.2 0.0 -0.2
-3.59e-08 -0.2 0.0 -0.2
-3.579999999999999e-08 -0.2 0.0 -0.2
-3.5699999999999995e-08 -0.2 0.0 -0.2
-3.5599999999999995e-08 -0.2 0.0 -0.2
-3.5499999999999994e-08 -0.2 0.0 -0.2
-3.539999999999999e-08 -0.2 0.0 -0.2
-3.529999999999999e-08 -0.2 0.0 -0.2
-3.52e-08 -0.2 0.0 0.0
-3.509999999999999e-08 -0.2 0.0 0.0
-3.4999999999999996e-08 -0.2 0.0 -0.2
-3.4899999999999995e-08 -0.2 0.0 -0.2
-3.4799999999999994e-08 -0.2 -0.2 -0.2
-3.469999999999999e-08 -0.2 -0.2 -0.2
-3.459999999999999e-08 -0.2 0.0 -0.2
-3.45e-08 -0.2 0.0 -0.2
-3.439999999999999e-08 -0.2 0.0 -0.2
-3.4299999999999996e-08 -0.2 0.0 -0.2
-3.4199999999999995e-08 0.0 0.0 -0.2
-3.4099999999999994e-08 0.0 0.0 -0.2
-3.3999999999999993e-08 0.0 0.0 0.0
-3.389999999999999e-08 0.0 0.0 0.0
-3.38e-08 -0.2 0.0 -0.2
-3.369999999999999e-08 -0.2 0.0 -0.2
-3.3599999999999996e-08 -0.2 0.0 -0.2
-3.349999999999999e-08 -0.2 0.0 -0.2
-3.3399999999999995e-08 -0.2 -0.2 -0.2
-3.3299999999999994e-08 -0.2 -0.2 -0.2
-3.319999999999999e-08 0.0 -0.4 -0.2
-3.31e-08 0.0 -0.4 -0.2
-3.299999999999999e-08 0.0 -0.4 -0.2
-3.29e-08 0.0 -0.4 -0.2
-3.279999999999999e-08 0.0 -0.2 -0.2
-3.2699999999999995e-08 0.0 -0.2 -0.2
-3.2599999999999994e-08 -0.2 -0.4 -0.2
-3.249999999999999e-08 -0.2 -0.4 -0.2
-3.239999999999999e-08 -0.2 -0.2 -0.2
-3.229999999999999e-08 -0.2 -0.2 -0.2
-3.22e-08 0.0 -0.2 -0.2
-3.209999999999999e-08 0.0 -0.2 -0.2
-3.1999999999999995e-08 -0.2 -0.2 -0.2
-3.1899999999999994e-08 -0.2 -0.2 -0.2
-3.1799999999999994e-08 -0.2 -0.4 -0.2
-3.169999999999999e-08 -0.2 -0.4 -0.2
-3.159999999999999e-08 0.0 -0.2 -0.2
-3.15e-08 0.0 -0.2 -0.2
-3.139999999999999e-08 -0.2 -0.2 -0.2
-3.1299999999999996e-08 -0.2 -0.2 -0.2
-3.1199999999999995e-08 -0.2 -0.4 -0.2
-3.1099999999999994e-08 -0.2 -0.4 -0.2
-3.099999999999999e-08 -0.2 -0.4 -0.2
-3.089999999999999e-08 -0.2 -0.4 -0.2
-3.08e-08 -0.2 -0.4 -0.2
-3.069999999999999e-08 -0.2 -0.4 -0.2
-3.0599999999999996e-08 -0.2 -0.4 -0.2
-3.0499999999999995e-08 -0.2 -0.4 -0.2
-3.0399999999999994e-08 -0.2 -0.2 -0.2
-3.0299999999999993e-08 -0.2 -0.2 -0.2
-3.019999999999999e-08 -0.2 -0.4 -0.2
-3.009999999999999e-08 -0.2 -0.4 -0.2
-2.999999999999999e-08 -0.2 -0.4 -0.2
-2.9899999999999996e-08 -0.2 -0.4 -0.2
-2.9799999999999996e-08 -0.2 -0.4 -0.2
-2.9699999999999995e-08 -0.2 -0.4 -0.2
-2.9599999999999994e-08 -0.2 0.0 -0.2
-2.9499999999999993e-08 -0.2 0.0 -0.2
-2.9399999999999992e-08 -0.2 0.0 -0.2
-2.929999999999999e-08 -0.2 0.0 -0.2
-2.9199999999999997e-08 -0.2 0.0 -0.2
-2.9099999999999996e-08 -0.2 0.0 -0.2
-2.8999999999999995e-08 -0.2 0.0 -0.2
-2.8899999999999994e-08 -0.2 0.0 -0.2
-2.8799999999999993e-08 -0.2 0.0 -0.2
-2.8699999999999992e-08 -0.2 0.0 -0.2
-2.859999999999999e-08 -0.2 0.0 -0.2
-2.849999999999999e-08 -0.2 0.0 -0.2
-2.8399999999999996e-08 -0.2 0.0 -0.2
-2.8299999999999995e-08 -0.2 0.0 -0.2
-2.8199999999999994e-08 -0.2 0.0 -0.2
-2.8099999999999994e-08 -0.2 0.0 -0.2
-2.7999999999999993e-08 -0.2 0.0 -0.2
-2.7899999999999992e-08 -0.2 0.0 -0.2
-2.779999999999999e-08 -0.2 0.0 -0.2
-2.7699999999999997e-08 -0.2 0.0 -0.2
-2.7599999999999996e-08 0.0 0.0 -0.2
-2.7499999999999995e-08 0.0 0.0 -0.2
-2.7399999999999994e-08 -0.2 0.0 -0.2
-2.7299999999999993e-08 -0.2 0.0 -0.2
-2.7199999999999992e-08 -0.2 0.0 -0.2
-2.709999999999999e-08 -0.2 0.0 -0.2
-2.699999999999999e-08 -0.2 0.0 -0.2
-2.6899999999999996e-08 -0.2 0.0 -0.2
-2.6799999999999995e-08 -0.2 0.0 -0.2
-2.6699999999999994e-08 -0.2 0.0 -0.2
-2.6599999999999993e-08 -0.2 0.0 -0.2
-2.6499999999999992e-08 -0.2 0.0 -0.2
-2.639999999999999e-08 -0.2 -0.2 -0.2
-2.629999999999999e-08 -0.2 -0.2 -0.2
-2.6199999999999996e-08 -0.2 0.0 -0.2
-2.6099999999999995e-08 -0.2 0.0 -0.2
-2.5999999999999995e-08 -0.2 0.0 0.0
-2.5899999999999994e-08 -0.2 0.0 0.0
-2.5799999999999993e-08 -0.2 0.0 -0.2
-2.5699999999999992e-08 -0.2 0.0 -0.2
-2.559999999999999e-08 -0.2 0.0 -0.2
-2.549999999999999e-08 -0.2 0.0 -0.2
-2.5399999999999996e-08 -0.2 -0.2 -0.2
-2.5299999999999995e-08 -0.2 -0.2 -0.2
-2.5199999999999994e-08 0.0 -0.2 -0.2
-2.5099999999999993e-08 0.0 -0.2 -0.2
-2.4999999999999992e-08 0.0 -0.2 -0.2
-2.489999999999999e-08 0.0 -0.2 -0.2
-2.479999999999999e-08 0.0 -0.2 -0.2
-2.4699999999999996e-08 0.0 -0.2 -0.2
-2.4599999999999995e-08 -0.2 -0.2 0.0
-2.4499999999999994e-08 -0.2 -0.2 0.0
-2.4399999999999993e-08 -0.2 0.0 -0.2
-2.4299999999999993e-08 -0.2 0.0 -0.2
-2.4199999999999992e-08 0.0 0.0 -0.2
-2.409999999999999e-08 0.0 0.0 -0.2
-2.3999999999999997e-08 0.0 0.0 -0.2
-2.3899999999999996e-08 0.0 0.0 -0.2
-2.3799999999999995e-08 0.0 0.0 -0.2
-2.3699999999999994e-08 0.0 0.0 -0.2
-2.3599999999999993e-08 -0.2 0.0 -0.2
-2.3499999999999992e-08 -0.2 0.0 -0.2
-2.339999999999999e-08 -0.2 0.0 -0.2
-2.329999999999999e-08 -0.2 0.0 -0.2
-2.3199999999999996e-08 -0.2 -0.2 -0.2
-2.3099999999999995e-08 -0.2 -0.2 -0.2
-2.2999999999999994e-08 -0.2 0.0 -0.2
-2.2899999999999993e-08 -0.2 0.0 -0.2
-2.2799999999999992e-08 -0.2 0.0 -0.2
-2.269999999999999e-08 -0.2 0.0 -0.2
-2.259999999999999e-08 -0.2 0.0 -0.2
-2.2499999999999996e-08 -0.2 0.0 -0.2
-2.2399999999999995e-08 -0.2 0.0 -0.2
-2.2299999999999995e-08 -0.2 0.0 -0.2
-2.2199999999999994e-08 -0.2 0.0 -0.2
-2.2099999999999993e-08 -0.2 0.0 -0.2
-2.1999999999999992e-08 0.0 -0.4 -0.2
-2.189999999999999e-08 0.0 -0.4 -0.2
-2.179999999999999e-08 -0.2 -0.4 -0.2
-2.1699999999999996e-08 -0.2 -0.4 -0.2
-2.1599999999999995e-08 -0.2 -0.2 -0.2
-2.1499999999999994e-08 -0.2 -0.2 -0.2
-2.1399999999999993e-08 -0.2 -0.2 -0.2
-2.1299999999999992e-08 -0.2 -0.2 -0.2
-2.119999999999999e-08 -0.2 -0.4 -0.2
-2.109999999999999e-08 -0.2 -0.4 -0.2
-2.0999999999999996e-08 -0.2 -0.2 -0.2
-2.0899999999999995e-08 -0.2 -0.2 -0.2
-2.0799999999999994e-08 -0.2 -0.4 -0.2
-2.0699999999999993e-08 -0.2 -0.4 -0.2
-2.0599999999999993e-08 -0.2 -0.4 0.0
-2.0499999999999992e-08 -0.2 -0.4 0.0
-2.039999999999999e-08 -0.2 -0.4 0.0
-2.0299999999999996e-08 -0.2 -0.4 0.0
-2.0199999999999996e-08 -0.2 -0.4 0.0
-2.0099999999999995e-08 -0.2 -0.4 0.0
-1.9999999999999994e-08 -0.2 -0.4 -0.2
-1.9899999999999993e-08 -0.2 -0.4 -0.2
-1.9799999999999992e-08 -0.2 -0.2 -0.2
-1.969999999999999e-08 -0.2 -0.2 -0.2
-1.959999999999999e-08 -0.2 -0.4 -0.2
-1.9499999999999996e-08 -0.2 -0.4 -0.2
-1.9399999999999995e-08 -0.2 -0.2 -0.2
-1.9299999999999994e-08 -0.2 -0.2 -0.2
-1.9199999999999993e-08 -0.2 -0.4 0.0
-1.9099999999999992e-08 -0.2 -0.4 0.0
-1.899999999999999e-08 -0.2 -0.4 0.0
-1.889999999999999e-08 -0.2 -0.4 0.0
-1.8799999999999996e-08 -0.2 -0.4 -0.2
-1.8699999999999995e-08 -0.2 -0.4 -0.2
-1.8599999999999994e-08 -0.2 -0.4 -0.2
-1.8499999999999994e-08 -0.2 -0.4 -0.2
-1.8399999999999993e-08 -0.2 -0.4 -0.2
-1.8299999999999992e-08 -0.2 -0.4 -0.2
-1.819999999999999e-08 -0.2 -0.4 -0.2
-1.809999999999999e-08 -0.2 -0.4 -0.2
-1.7999999999999996e-08 -0.2 -0.4 0.0
-1.7899999999999995e-08 -0.2 -0.4 0.0
-1.7799999999999994e-08 -0.2 -0.4 -0.2
-1.7699999999999993e-08 -0.2 -0.4 -0.2
-1.7599999999999992e-08 -0.2 -0.4 -0.2
-1.749999999999999e-08 -0.2 -0.4 -0.2
-1.739999999999999e-08 -0.2 -0.4 0.0
-1.7299999999999996e-08 -0.2 -0.4 0.0
-1.7199999999999995e-08 -0.2 -0.2 -0.2
-1.7099999999999994e-08 -0.2 -0.2 -0.2
-1.6999999999999993e-08 -0.2 -0.4 -0.2
-1.6899999999999993e-08 -0.2 -0.4 -0.2
-1.679999999999999e-08 -0.2 -0.4 0.0
-1.669999999999999e-08 -0.2 -0.4 0.0
-1.659999999999999e-08 0.0 -0.4 -0.2
-1.6499999999999996e-08 0.0 -0.4 -0.2
-1.6399999999999995e-08 -0.2 -0.2 -0.2
-1.6299999999999994e-08 -0.2 -0.2 -0.2
-1.6199999999999993e-08 -0.2 -0.4 -0.2
-1.6099999999999992e-08 -0.2 -0.4 -0.2
-1.599999999999999e-08 0.0 -0.2 -0.2
-1.589999999999999e-08 0.0 -0.2 -0.2
-1.5799999999999996e-08 0.0 -0.4 -0.2
-1.5699999999999995e-08 0.0 -0.4 -0.2
-1.5599999999999994e-08 -0.2 -0.4 -0.2
-1.5499999999999993e-08 -0.2 -0.4 -0.2
-1.5399999999999992e-08 -0.2 -0.4 -0.2
-1.529999999999999e-08 -0.2 -0.4 -0.2
-1.519999999999999e-08 -0.2 -0.4 -0.2
-1.5099999999999996e-08 -0.2 -0.4 -0.2
-1.4999999999999995e-08 -0.2 -0.4 -0.2
-1.4899999999999994e-08 -0.2 -0.4 -0.2
-1.4799999999999994e-08 -0.2 0.0 0.0
-1.4699999999999993e-08 -0.2 0.0 0.0
-1.4599999999999992e-08 -0.2 -0.2 -0.2
-1.4499999999999991e-08 -0.2 -0.2 -0.2
-1.439999999999999e-08 -0.2 0.0 -0.2
-1.4299999999999996e-08 -0.2 0.0 -0.2
-1.4199999999999995e-08 -0.2 0.0 -0.2
-1.4099999999999994e-08 -0.2 0.0 -0.2
-1.3999999999999993e-08 0.0 -0.2 -0.2
-1.3899999999999992e-08 0.0 -0.2 -0.2
-1.3799999999999991e-08 0.0 -0.2 -0.2
-1.369999999999999e-08 0.0 -0.2 -0.2
-1.3599999999999996e-08 -0.2 0.0 -0.2
-1.3499999999999995e-08 -0.2 0.0 -0.2
-1.3399999999999994e-08 -0.2 0.0 0.0
-1.3299999999999993e-08 -0.2 0.0 0.0
-1.3199999999999992e-08 -0.2 0.0 -0.2
-1.3099999999999992e-08 -0.2 0.0 -0.2
-1.299999999999999e-08 -0.2 0.0 -0.2
-1.289999999999999e-08 -0.2 0.0 -0.2
-1.2799999999999996e-08 -0.2 -0.2 0.0
-1.2699999999999995e-08 -0.2 -0.2 0.0
-1.2599999999999994e-08 0.0 -0.2 -0.2
-1.2499999999999993e-08 0.0 -0.2 -0.2
-1.2399999999999992e-08 -0.2 0.0 -0.2
-1.2299999999999991e-08 -0.2 0.0 -0.2
-1.219999999999999e-08 -0.2 0.0 -0.2
-1.2099999999999996e-08 -0.2 0.0 -0.2
-1.1999999999999995e-08 0.0 0.0 0.2
-1.1899999999999994e-08 0.0 0.0 0.2
-1.1799999999999993e-08 0.0 0.0 0.2
-1.1699999999999992e-08 0.0 0.0 0.2
-1.1599999999999991e-08 0.0 0.0 0.0
-1.149999999999999e-08 0.0 0.0 0.0
-1.139999999999999e-08 0.0 0.0 0.0
-1.1299999999999995e-08 0.0 0.0 0.0
-1.1199999999999994e-08 0.0 0.0 0.0
-1.1099999999999994e-08 0.0 0.0 0.0
-1.0999999999999993e-08 0.0 0.0 0.2
-1.0899999999999992e-08 0.0 0.0 0.2
-1.0799999999999991e-08 -0.2 0.0 0.2
-1.069999999999999e-08 -0.2 0.0 0.2
-1.0599999999999996e-08 -0.2 0.0 0.2
-1.0499999999999995e-08 -0.2 0.0 0.2
-1.0399999999999994e-08 -0.4 0.0 0.2
-1.0299999999999993e-08 -0.4 0.0 0.2
-1.0199999999999992e-08 -0.4 0.0 0.2
-1.0099999999999991e-08 -0.4 0.0 0.2
-9.99999999999999e-09 -0.4 0.0 0.2
-9.899999999999996e-09 -0.4 0.0 0.2
-9.799999999999995e-09 -0.4 -0.2 0.2
-9.699999999999994e-09 -0.4 -0.2 0.2
-9.599999999999993e-09 -0.4 -0.2 0.2
-9.499999999999992e-09 -0.4 -0.2 0.2
-9.399999999999992e-09 -0.4 -0.2 0.2
-9.29999999999999e-09 -0.4 -0.2 0.2
-9.19999999999999e-09 -0.2 0.0 0.2
-9.099999999999995e-09 -0.2 0.0 0.2
-8.999999999999995e-09 -0.2 0.0 0.2
-8.899999999999994e-09 -0.2 0.0 0.2
-8.799999999999993e-09 -0.2 0.0 0.2
-8.699999999999992e-09 -0.2 0.0 0.2
-8.599999999999991e-09 -0.2 0.0 0.2
-8.49999999999999e-09 -0.2 0.0 0.2
-8.399999999999996e-09 -0.2 0.0 0.0
-8.299999999999995e-09 -0.2 0.0 0.0
-8.199999999999994e-09 -0.2 0.0 0.0
-8.099999999999993e-09 -0.2 0.0 0.0
-7.999999999999992e-09 -0.2 0.0 0.2
-7.899999999999991e-09 -0.2 0.0 0.2
-7.79999999999999e-09 0.0 0.0 0.2
-7.69999999999999e-09 0.0 0.0 0.2
-7.599999999999995e-09 -0.2 0.0 0.2
-7.499999999999994e-09 -0.2 0.0 0.2
-7.3999999999999935e-09 -0.2 0.0 0.2
-7.2999999999999926e-09 -0.2 0.0 0.2
-7.199999999999992e-09 0.2 0.0 0.2
-7.099999999999991e-09 0.2 0.0 0.2
-6.99999999999999e-09 0.2 0.0 0.2
-6.899999999999996e-09 0.2 0.0 0.2
-6.799999999999995e-09 0.0 0.0 0.2
-6.699999999999994e-09 0.0 0.0 0.2
-6.599999999999993e-09 0.2 0.0 0.2
-6.499999999999992e-09 0.2 0.0 0.2
-6.399999999999991e-09 0.0 0.0 0.2
-6.29999999999999e-09 0.0 0.0 0.2
-6.199999999999996e-09 0.0 0.0 0.2
-6.099999999999995e-09 0.0 0.0 0.2
-5.999999999999994e-09 0.2 0.0 0.0
-5.899999999999993e-09 0.2 0.0 0.0
-5.799999999999992e-09 0.2 0.0 0.0
-5.6999999999999915e-09 0.2 0.0 0.0
-5.599999999999991e-09 0.4 0.0 -0.2
-5.49999999999999e-09 0.4 0.0 -0.2
-5.3999999999999954e-09 0.4 0.0 -0.2
-5.2999999999999945e-09 0.4 0.0 -0.2
-5.199999999999994e-09 0.6000000000000001 0.0 -0.2
-5.099999999999993e-09 0.6000000000000001 0.0 -0.2
-4.999999999999992e-09 0.6000000000000001 0.0 -0.2
-4.899999999999991e-09 0.6000000000000001 0.0 -0.2
-4.79999999999999e-09 0.6000000000000001 0.0 -0.2
-4.699999999999996e-09 0.6000000000000001 0.0 -0.2
-4.599999999999995e-09 0.6000000000000001 0.0 0.0
-4.499999999999994e-09 0.6000000000000001 0.0 0.0
-4.399999999999993e-09 0.8 0.0 0.0
-4.299999999999992e-09 0.8 0.0 0.0
-4.199999999999991e-09 0.8 0.0 0.0
-4.09999999999999e-09 0.8 0.0 0.0
-3.9999999999999895e-09 1.2000000000000002 0.0 -0.2
-3.899999999999995e-09 1.2000000000000002 0.0 -0.2
-3.799999999999994e-09 1.0 0.0 -0.2
-3.6999999999999934e-09 1.0 0.0 -0.2
-3.5999999999999925e-09 1.0 0.0 -0.2
-3.4999999999999916e-09 1.0 0.0 -0.2
-3.3999999999999907e-09 1.0 0.0 0.0
-3.29999999999999e-09 1.0 0.0 0.0
-3.1999999999999956e-09 1.2000000000000002 0.0 0.0
-3.0999999999999947e-09 1.2000000000000002 0.0 0.0
-2.9999999999999938e-09 1.2000000000000002 0.0 0.0
-2.899999999999993e-09 1.2000000000000002 0.0 0.0
-2.799999999999992e-09 1.4000000000000001 0.0 -0.2
-2.699999999999991e-09 1.4000000000000001 0.0 -0.2
-2.59999999999999e-09 1.4000000000000001 0.0 -0.2
-2.4999999999999893e-09 1.4000000000000001 0.0 -0.2
-2.399999999999995e-09 1.2000000000000002 -0.2 0.2
-2.299999999999994e-09 1.2000000000000002 -0.2 0.2
-2.1999999999999932e-09 1.4000000000000001 -0.2 0.2
-2.0999999999999923e-09 1.4000000000000001 -0.2 0.2
-1.9999999999999914e-09 1.2000000000000002 -0.4 0.2
-1.8999999999999905e-09 1.2000000000000002 -0.4 0.2
-1.7999999999999896e-09 1.4000000000000001 -0.2 0.2
-1.6999999999999954e-09 1.4000000000000001 -0.2 0.2
-1.5999999999999945e-09 1.6 -0.4 0.2
-1.4999999999999936e-09 1.6 -0.4 0.2
-1.3999999999999927e-09 1.6 -0.2 0.2
-1.2999999999999918e-09 1.6 -0.2 0.2
-1.1999999999999909e-09 1.8 -0.4 0.2
-1.09999999999999e-09 1.8 -0.4 0.2
-9.999999999999957e-10 1.8 -0.2 0.0
-8.999999999999948e-10 1.8 -0.2 0.0
-7.999999999999939e-10 1.8 -0.2 0.0
-6.99999999999993e-10 1.8 -0.2 0.0
-5.999999999999921e-10 1.8 -0.2 0.0
-4.999999999999912e-10 1.8 -0.2 0.0
-3.9999999999999035e-10 2.0 -0.4 0.0
-2.9999999999999607e-10 2.0 -0.4 0.0
-1.9999999999998856e-10 2.0 -0.2 0.0
-9.999999999999428e-11 2.0 -0.2 0.0
1.3234889800848443e-23 2.2 -0.2 0.0
1.0000000000000751e-10 2.2 -0.2 0.0
2.000000000000018e-10 2.2 -0.2 0.2
3.000000000000093e-10 2.2 -0.2 0.2
4.000000000000036e-10 2.2 -0.2 0.0
5.000000000000111e-10 2.2 -0.2 0.0
6.000000000000054e-10 2.2 -0.4 0.2
7.000000000000129e-10 2.2 -0.4 0.2
8.000000000000072e-10 2.2 -0.2 0.2
9.000000000000014e-10 2.2 -0.2 0.2
1.000000000000009e-09 2.2 -0.2 0.0
1.1000000000000032e-09 2.2 -0.2 0.0
1.2000000000000107e-09 2.4000000000000004 -0.4 0.0
1.300000000000005e-09 2.4000000000000004 -0.4 0.0
1.4000000000000125e-09 2.4000000000000004 -0.4 0.0
1.5000000000000068e-09 2.4000000000000004 -0.4 0.0
1.600000000000001e-09 2.6 0.0 0.2
1.7000000000000086e-09 2.6 0.0 0.2
1.8000000000000029e-09 2.4000000000000004 0.0 0.2
1.9000000000000104e-09 2.4000000000000004 0.0 0.2
2.0000000000000047e-09 2.8000000000000003 0.0 0.2
2.100000000000012e-09 2.8000000000000003 0.0 0.2
2.2000000000000065e-09 2.8000000000000003 0.0 0.2
2.300000000000014e-09 2.8000000000000003 0.0 0.2
2.4000000000000083e-09 2.8000000000000003 -0.2 0.2
2.5000000000000025e-09 2.8000000000000003 -0.2 0.2
2.60000000000001e-09 2.8000000000000003 -0.2 0.2
2.7000000000000043e-09 2.8000000000000003 -0.2 0.2
2.800000000000012e-09 3.0 0.0 0.2
2.900000000000006e-09 3.0 0.0 0.2
3.0000000000000136e-09 3.0 0.0 0.2
3.100000000000008e-09 3.0 0.0 0.2
3.200000000000002e-09 3.0 -0.2 0.2
3.3000000000000097e-09 3.0 -0.2 0.2
3.400000000000004e-09 3.0 0.0 0.2
3.5000000000000115e-09 3.0 0.0 0.2
3.6000000000000058e-09 3.2 0.0 0.2
3.7000000000000133e-09 3.2 0.0 0.2
3.8000000000000076e-09 3.2 0.0 0.0
3.900000000000002e-09 3.2 0.0 0.0
4.000000000000009e-09 3.4000000000000004 0.0 -0.2
4.100000000000004e-09 3.4000000000000004 0.0 -0.2
4.200000000000011e-09 3.4000000000000004 0.0 -0.2
4.3000000000000054e-09 3.4000000000000004 0.0 -0.2
4.400000000000013e-09 3.6 0.0 0.0
4.500000000000007e-09 3.6 0.0 0.0
4.6000000000000015e-09 3.4000000000000004 0.0 0.0
4.700000000000009e-09 3.4000000000000004 0.0 0.0
4.800000000000003e-09 3.6 -0.2 0.0
4.900000000000011e-09 3.6 -0.2 0.0
5.000000000000005e-09 3.6 0.0 0.0
5.1000000000000126e-09 3.6 0.0 0.0
5.200000000000007e-09 3.4000000000000004 0.0 -0.2
5.300000000000001e-09 3.4000000000000004 0.0 -0.2
5.400000000000009e-09 3.4000000000000004 -0.2 -0.2
5.500000000000003e-09 3.4000000000000004 -0.2 -0.2
5.6000000000000104e-09 3.4000000000000004 -0.2 0.0
5.700000000000005e-09 3.4000000000000004 -0.2 0.0
5.800000000000012e-09 3.6 -0.2 0.0
5.9000000000000065e-09 3.6 -0.2 0.0
6.000000000000014e-09 3.4000000000000004 0.0 0.0
6.100000000000008e-09 3.4000000000000004 0.0 0.0
6.2000000000000026e-09 3.6 0.0 -0.2
6.30000000000001e-09 3.6 0.0 -0.2
6.400000000000004e-09 3.4000000000000004 0.0 -0.2
6.500000000000012e-09 3.4000000000000004 0.0 -0.2
6.600000000000006e-09 3.4000000000000004 0.0 -0.2
6.700000000000014e-09 3.4000000000000004 0.0 -0.2
6.800000000000008e-09 3.8000000000000003 0.0 -0.2
6.900000000000002e-09 3.8000000000000003 0.0 -0.2
7.00000000000001e-09 3.8000000000000003 0.0 -0.2
7.100000000000004e-09 3.8000000000000003 0.0 -0.2
7.2000000000000115e-09 3.8000000000000003 0.0 -0.2
7.300000000000006e-09 3.8000000000000003 0.0 -0.2
7.400000000000013e-09 3.8000000000000003 0.0 -0.2
7.500000000000008e-09 3.8000000000000003 0.0 -0.2
7.600000000000002e-09 3.8000000000000003 0.0 -0.2
7.70000000000001e-09 3.8000000000000003 0.0 -0.2
7.800000000000004e-09 3.8000000000000003 0.0 0.0
7.900000000000011e-09 3.8000000000000003 0.0 0.0
8.000000000000005e-09 3.8000000000000003 0.0 0.2
8.100000000000013e-09 3.8000000000000003 0.0 0.2
8.200000000000007e-09 3.6 0.0 0.0
8.300000000000002e-09 3.6 0.0 0.0
8.400000000000009e-09 3.8000000000000003 0.0 0.0
8.500000000000003e-09 3.8000000000000003 0.0 0.0
8.600000000000011e-09 3.8000000000000003 0.0 0.0
8.700000000000005e-09 3.8000000000000003 0.0 0.0
8.800000000000013e-09 3.8000000000000003 0.0 0.0
8.900000000000007e-09 3.8000000000000003 0.0 0.0
9.000000000000014e-09 3.8000000000000003 0.0 0.2
9.100000000000009e-09 3.8000000000000003 0.0 0.2
9.200000000000003e-09 3.8000000000000003 0.0 0.2
9.30000000000001e-09 3.8000000000000003 0.0 0.2
9.400000000000005e-09 3.6 0.0 0.0
9.500000000000012e-09 3.6 0.0 0.0
9.600000000000007e-09 3.8000000000000003 -0.2 0.2
9.700000000000014e-09 3.8000000000000003 -0.2 0.2
9.800000000000008e-09 3.8000000000000003 0.0 0.2
9.900000000000003e-09 3.8000000000000003 0.0 0.2
1.000000000000001e-08 3.8000000000000003 0.4 0.2
1.0100000000000004e-08 3.8000000000000003 0.4 0.2
1.0200000000000012e-08 3.8000000000000003 0.2 0.0
1.0300000000000006e-08 3.8000000000000003 0.2 0.0
1.0400000000000014e-08 3.8000000000000003 0.2 0.2
1.0500000000000008e-08 3.8000000000000003 0.2 0.2
1.0600000000000002e-08 3.8000000000000003 0.2 0.2
1.070000000000001e-08 3.8000000000000003 0.2 0.2
1.0800000000000004e-08 4.0 0.4 0.0
1.0900000000000012e-08 4.0 0.4 0.0
1.1000000000000006e-08 4.0 0.2 0.0
1.1100000000000013e-08 4.0 0.2 0.0
1.1200000000000008e-08 4.0 0.2 0.2
1.1300000000000002e-08 4.0 0.2 0.2
1.140000000000001e-08 4.0 0.2 0.2
1.1500000000000004e-08 4.0 0.2 0.2
1.1600000000000011e-08 4.0 0.2 0.2
1.1700000000000006e-08 4.0 0.2 0.2
1.1800000000000013e-08 4.0 0.2 0.2
1.1900000000000007e-08 4.0 0.2 0.2
1.2000000000000002e-08 4.0 0.0 0.0
1.2100000000000009e-08 4.0 0.0 0.0
1.2200000000000003e-08 4.0 0.0 0.0
1.2300000000000011e-08 4.0 0.0 0.0
1.2400000000000005e-08 4.0 0.0 0.2
1.2500000000000013e-08 4.0 0.0 0.2
1.2600000000000007e-08 4.0 0.0 0.2
1.2700000000000014e-08 4.0 0.0 0.2
1.2800000000000009e-08 4.0 0.0 0.2
1.2900000000000003e-08 4.0 0.0 0.2
1.300000000000001e-08 4.0 0.0 0.2
1.3100000000000005e-08 4.0 0.0 0.2
1.3200000000000012e-08 4.0 -0.4 0.2
1.3300000000000007e-08 4.0 -0.4 0.2
1.3400000000000014e-08 4.0 -0.2 0.2
1.3500000000000008e-08 4.0 -0.2 0.2
1.3600000000000003e-08 4.0 -0.2 0.2
1.370000000000001e-08 4.0 -0.2 0.2
1.3800000000000004e-08 4.0 -0.2 0.2
1.3900000000000012e-08 4.0 -0.2 0.2
1.4000000000000006e-08 4.0 -0.2 0.2
1.4100000000000014e-08 4.0 -0.2 0.2
1.4200000000000008e-08 4.0 -0.2 0.2
1.4300000000000002e-08 4.0 -0.2 0.2
1.440000000000001e-08 4.0 -0.4 0.4
1.4500000000000004e-08 4.0 -0.4 0.4
1.4600000000000012e-08 4.0 -0.4 0.4
1.4700000000000006e-08 4.0 -0.4 0.4
1.4800000000000013e-08 4.2 0.0 0.4
1.4900000000000008e-08 4.2 0.0 0.4
1.5000000000000002e-08 4.4 0.0 0.4
1.510000000000001e-08 4.4 0.0 0.4
1.5200000000000004e-08 4.2 0.0 0.6000000000000001
1.530000000000001e-08 4.2 0.0 0.6000000000000001
1.5400000000000006e-08 4.2 0.0 0.8
1.5500000000000013e-08 4.2 0.0 0.8
1.5600000000000007e-08 4.2 0.2 1.0
1.57e-08 4.2 0.2 1.0
1.580000000000001e-08 4.2 0.2 1.2000000000000002
1.5900000000000003e-08 4.2 0.2 1.2000000000000002
1.600000000000001e-08 4.2 0.6000000000000001 1.4000000000000001
1.6100000000000005e-08 4.2 0.6000000000000001 1.4000000000000001
1.6200000000000013e-08 4.2 0.6000000000000001 1.4000000000000001
1.6300000000000007e-08 4.2 0.6000000000000001 1.4000000000000001
1.6400000000000015e-08 4.2 1.0 1.6
1.650000000000001e-08 4.2 1.0 1.6
1.6600000000000003e-08 4.2 0.8 1.6
1.670000000000001e-08 4.2 0.8 1.6
1.6800000000000005e-08 4.2 1.2000000000000002 2.0
1.6900000000000012e-08 4.2 1.2000000000000002 2.0
1.7000000000000007e-08 4.4 1.2000000000000002 2.0
1.7100000000000014e-08 4.4 1.2000000000000002 2.0
1.720000000000001e-08 4.2 1.6 2.6
1.7300000000000003e-08 4.2 1.6 2.6
1.740000000000001e-08 4.2 1.6 2.6
1.7500000000000005e-08 4.2 1.6 2.6
1.7600000000000012e-08 4.4 2.0 2.8000000000000003
1.7700000000000006e-08 4.4 2.0 2.8000000000000003
1.7800000000000014e-08 4.2 2.0 3.0
1.7900000000000008e-08 4.2 2.0 3.0
1.8000000000000002e-08 4.2 2.6 3.6
1.810000000000001e-08 4.2 2.6 3.6
1.8200000000000004e-08 4.2 2.8000000000000003 3.6
1.8300000000000012e-08 4.2 2.8000000000000003 3.6
1.8400000000000006e-08 4.6000000000000005 3.0 3.8000000000000003
1.8500000000000013e-08 4.6000000000000005 3.0 3.8000000000000003
1.8600000000000008e-08 4.4 3.0 3.8000000000000003
1.8700000000000002e-08 4.4 3.0 3.8000000000000003
1.880000000000001e-08 4.4 3.6 4.4
1.8900000000000004e-08 4.4 3.6 4.4
1.900000000000001e-08 4.4 3.6 4.4
1.9100000000000006e-08 4.4 3.6 4.4
1.9200000000000013e-08 4.4 4.2 4.6000000000000005
1.9300000000000007e-08 4.4 4.2 4.6000000000000005
1.9400000000000002e-08 4.4 4.2 4.6000000000000005
1.950000000000001e-08 4.4 4.2 4.6000000000000005
1.9600000000000003e-08 4.4 4.800000000000001 5.2
1.970000000000001e-08 4.4 4.800000000000001 5.2
1.9800000000000005e-08 4.6000000000000005 4.800000000000001 5.2
1.9900000000000013e-08 4.6000000000000005 4.800000000000001 5.2
2.0000000000000007e-08 4.6000000000000005 5.0 5.4
2.0100000000000015e-08 4.6000000000000005 5.0 5.4
2.020000000000001e-08 4.4 5.0 5.4
2.0300000000000003e-08 4.4 5.0 5.4
2.040000000000001e-08 4.6000000000000005 5.4 5.800000000000001
2.0500000000000005e-08 4.6000000000000005 5.4 5.800000000000001
2.0600000000000012e-08 4.4 5.4 5.800000000000001
2.0700000000000007e-08 4.4 5.4 5.800000000000001
2.0800000000000014e-08 4.4 5.6000000000000005 5.800000000000001
2.090000000000001e-08 4.4 5.6000000000000005 5.800000000000001
2.1000000000000003e-08 4.6000000000000005 5.6000000000000005 5.800000000000001
2.110000000000001e-08 4.6000000000000005 5.6000000000000005 5.800000000000001
2.1200000000000005e-08 4.6000000000000005 6.0 6.0
2.1300000000000012e-08 4.6000000000000005 6.0 6.0
2.1400000000000006e-08 4.6000000000000005 5.800000000000001 6.2
2.1500000000000014e-08 4.6000000000000005 5.800000000000001 6.2
2.1600000000000008e-08 4.6000000000000005 6.2 6.0
2.1700000000000002e-08 4.6000000000000005 6.2 6.0
2.180000000000001e-08 4.4 6.2 6.2
2.1900000000000004e-08 4.4 6.2 6.2
2.2000000000000012e-08 4.6000000000000005 6.2 6.2
2.2100000000000006e-08 4.6000000000000005 6.2 6.2
2.2200000000000014e-08 4.4 6.2 6.2
2.2300000000000008e-08 4.4 6.2 6.2
2.2400000000000002e-08 4.4 6.6000000000000005 6.2
2.250000000000001e-08 4.4 6.6000000000000005 6.2
2.2600000000000004e-08 4.6000000000000005 6.6000000000000005 6.2
2.270000000000001e-08 4.6000000000000005 6.6000000000000005 6.2
2.2800000000000006e-08 4.800000000000001 6.6000000000000005 6.2
2.2900000000000013e-08 4.800000000000001 6.6000000000000005 6.2
2.3000000000000007e-08 4.800000000000001 6.4 6.2
2.3100000000000015e-08 4.800000000000001 6.4 6.2
2.320000000000001e-08 4.800000000000001 6.4 6.2
2.3300000000000003e-08 4.800000000000001 6.4 6.2
2.340000000000001e-08 4.800000000000001 6.4 6.2
2.3500000000000005e-08 4.800000000000001 6.4 6.2
2.3600000000000013e-08 4.800000000000001 6.6000000000000005 6.0
2.3700000000000007e-08 4.800000000000001 6.6000000000000005 6.0
2.3800000000000015e-08 4.800000000000001 6.4 6.0
2.390000000000001e-08 4.800000000000001 6.4 6.0
2.4000000000000003e-08 4.6000000000000005 6.2 5.800000000000001
2.410000000000001e-08 4.6000000000000005 6.2 5.800000000000001
2.4200000000000005e-08 4.800000000000001 6.2 5.800000000000001
2.4300000000000012e-08 4.800000000000001 6.2 5.800000000000001
2.4400000000000007e-08 4.6000000000000005 6.4 5.800000000000001
2.4500000000000014e-08 4.6000000000000005 6.4 5.800000000000001
2.460000000000001e-08 4.6000000000000005 6.4 5.800000000000001
2.4700000000000003e-08 4.6000000000000005 6.4 5.800000000000001
2.480000000000001e-08 4.800000000000001 6.0 5.6000000000000005
2.4900000000000005e-08 4.800000000000001 6.0 5.6000000000000005
2.5000000000000012e-08 4.800000000000001 6.0 5.6000000000000005
2.5100000000000006e-08 4.800000000000001 6.0 5.6000000000000005
2.5200000000000014e-08 4.800000000000001 5.6000000000000005 5.6000000000000005
2.5300000000000008e-08 4.800000000000001 5.6000000000000005 5.6000000000000005
2.5400000000000002e-08 4.800000000000001 5.6000000000000005 5.4
2.550000000000001e-08 4.800000000000001 5.6000000000000005 5.4
2.5600000000000004e-08 4.6000000000000005 5.6000000000000005 5.2
2.5700000000000012e-08 4.6000000000000005 5.6000000000000005 5.2
2.5800000000000006e-08 4.6000000000000005 5.6000000000000005 5.2
2.5900000000000014e-08 4.6000000000000005 5.6000000000000005 5.2
2.6000000000000008e-08 4.800000000000001 5.4 5.2
2.6100000000000002e-08 4.800000000000001 5.4 5.2
2.620000000000001e-08 4.800000000000001 5.4 5.2
2.6300000000000004e-08 4.800000000000001 5.4 5.2
2.640000000000001e-08 5.0 5.4 5.2
2.6500000000000006e-08 5.0 5.4 5.2
2.6600000000000013e-08 5.0 5.4 5.2
2.6700000000000007e-08 5.0 5.4 5.2
2.6800000000000015e-08 5.0 5.2 5.0
2.690000000000001e-08 5.0 5.2 5.0
2.7000000000000004e-08 5.0 5.2 5.0
2.710000000000001e-08 5.0 5.2 5.0
2.7200000000000005e-08 5.0 5.2 5.0
2.7300000000000013e-08 5.0 5.2 5.0
2.7400000000000007e-08 5.0 5.2 4.800000000000001
2.7500000000000015e-08 5.0 5.2 4.800000000000001
2.760000000000001e-08 5.0 5.2 5.0
2.7700000000000003e-08 5.0 5.2 5.0
2.780000000000001e-08 5.0 5.2 4.800000000000001
2.7900000000000005e-08 5.0 5.2 4.800000000000001
2.8000000000000012e-08 5.0 4.800000000000001 5.0
2.8100000000000007e-08 5.0 4.800000000000001 5.0
2.8200000000000014e-08 5.0 4.800000000000001 5.0
2.830000000000001e-08 5.0 4.800000000000001 5.0
2.8400000000000003e-08 5.0 4.800000000000001 5.0
2.850000000000001e-08 5.0 4.800000000000001 5.0
2.8600000000000005e-08 5.0 4.800000000000001 5.0
2.8700000000000012e-08 5.0 4.800000000000001 5.0
2.8800000000000006e-08 5.0 4.6000000000000005 5.0
2.8900000000000014e-08 5.0 4.6000000000000005 5.0
2.9000000000000008e-08 5.0 4.6000000000000005 5.0
2.9100000000000002e-08 5.0 4.6000000000000005 5.0
2.920000000000001e-08 4.800000000000001 4.4 5.2
2.9300000000000004e-08 4.800000000000001 4.4 5.2
2.9400000000000012e-08 4.800000000000001 4.4 5.2
2.9500000000000006e-08 4.800000000000001 4.4 5.2
2.9600000000000014e-08 4.800000000000001 4.4 5.2
2.9700000000000008e-08 4.800000000000001 4.4 5.2
2.9800000000000002e-08 4.800000000000001 4.4 5.2
2.990000000000001e-08 4.800000000000001 4.4 5.2
3.0000000000000004e-08 4.800000000000001 4.4 5.2
3.010000000000001e-08 4.800000000000001 4.4 5.2
3.0200000000000006e-08 4.800000000000001 4.4 5.2
3.030000000000001e-08 4.800000000000001 4.4 5.2
3.040000000000001e-08 4.800000000000001 4.800000000000001 5.2
3.0500000000000015e-08 4.800000000000001 4.800000000000001 5.2
3.060000000000001e-08 4.800000000000001 4.800000000000001 5.2
3.0700000000000004e-08 4.800000000000001 4.800000000000001 5.2
3.080000000000001e-08 4.6000000000000005 4.6000000000000005 5.2
3.0900000000000005e-08 4.6000000000000005 4.6000000000000005 5.2
3.100000000000001e-08 4.6000000000000005 4.800000000000001 5.2
3.110000000000001e-08 4.6000000000000005 4.800000000000001 5.2
3.1200000000000015e-08 4.800000000000001 4.800000000000001 5.2
3.130000000000001e-08 4.800000000000001 4.800000000000001 5.2
3.14e-08 4.6000000000000005 4.800000000000001 5.2
3.150000000000001e-08 4.6000000000000005 4.800000000000001 5.2
3.1600000000000005e-08 4.800000000000001 4.800000000000001 5.2
3.170000000000001e-08 4.800000000000001 4.800000000000001 5.2
3.180000000000001e-08 4.6000000000000005 4.800000000000001 5.2
3.1900000000000014e-08 4.6000000000000005 4.800000000000001 5.2
3.200000000000001e-08 4.800000000000001 5.2 5.2
3.21e-08 4.800000000000001 5.2 5.2
3.220000000000001e-08 4.800000000000001 5.0 5.2
3.2300000000000005e-08 4.800000000000001 5.0 5.2
3.240000000000001e-08 4.800000000000001 5.0 5.2
3.2500000000000006e-08 4.800000000000001 5.0 5.2
3.2600000000000014e-08 4.800000000000001 5.0 5.2
3.270000000000001e-08 4.800000000000001 5.0 5.2
3.28e-08 4.800000000000001 5.0 5.2
3.290000000000001e-08 4.800000000000001 5.0 5.2
3.3000000000000004e-08 4.800000000000001 5.0 5.2
3.310000000000001e-08 4.800000000000001 5.0 5.2
3.3200000000000006e-08 4.800000000000001 5.0 5.2
3.3300000000000014e-08 4.800000000000001 5.0 5.2
3.340000000000001e-08 4.800000000000001 5.0 5.2
3.35e-08 4.800000000000001 5.0 5.2
3.360000000000001e-08 4.800000000000001 5.0 5.2
3.3700000000000004e-08 4.800000000000001 5.0 5.2
3.380000000000001e-08 4.800000000000001 5.2 5.2
3.3900000000000006e-08 4.800000000000001 5.2 5.2
3.400000000000001e-08 4.800000000000001 5.2 5.2
3.410000000000001e-08 4.800000000000001 5.2 5.2
3.4200000000000015e-08 4.6000000000000005 5.2 5.2
3.430000000000001e-08 4.6000000000000005 5.2 5.2
3.4400000000000004e-08 4.6000000000000005 5.0 5.2
3.450000000000001e-08 4.6000000000000005 5.0 5.2
3.4600000000000005e-08 4.6000000000000005 5.0 5.2
3.470000000000001e-08 4.6000000000000005 5.0 5.2
3.480000000000001e-08 5.0 5.2 5.0
3.4900000000000015e-08 5.0 5.2 5.0
3.500000000000001e-08 5.0 5.2 5.0
3.51e-08 5.0 5.2 5.0
3.520000000000001e-08 5.0 5.0 4.800000000000001
3.5300000000000005e-08 5.0 5.0 4.800000000000001
3.540000000000001e-08 5.0 5.0 4.800000000000001
3.550000000000001e-08 5.0 5.0 4.800000000000001
3.5600000000000014e-08 5.0 5.0 5.0
3.570000000000001e-08 5.0 5.0 5.0
3.58e-08 5.0 5.0 4.800000000000001
3.590000000000001e-08 5.0 5.0 4.800000000000001
3.6000000000000005e-08 5.0 5.0 5.0
3.610000000000001e-08 5.0 5.0 5.0
3.6200000000000007e-08 5.0 5.0 4.800000000000001
3.6300000000000014e-08 5.0 5.0 4.800000000000001
3.640000000000001e-08 5.0 5.0 4.800000000000001
3.65e-08 5.0 5.0 4.800000000000001
3.660000000000001e-08 5.0 5.0 5.0
3.6700000000000004e-08 5.0 5.0 5.0
3.680000000000001e-08 4.800000000000001 5.0 5.0
3.6900000000000006e-08 4.800000000000001 5.0 5.0
3.7000000000000014e-08 5.0 5.0 5.0
3.710000000000001e-08 5.0 5.0 5.0
3.7200000000000015e-08 5.0 5.2 5.0
3.730000000000001e-08 5.0 5.2 5.0
3.7400000000000004e-08 5.0 5.2 5.0
3.750000000000001e-08 5.0 5.2 5.0
3.7600000000000006e-08 5.0 5.0 5.0
3.7700000000000013e-08 5.0 5.0 5.0
3.780000000000001e-08 5.0 5.0 5.0
3.7900000000000015e-08 5.0 5.0 5.0
3.800000000000001e-08 5.0 5.0 5.2
3.8100000000000004e-08 5.0 5.0 5.2
3.820000000000001e-08 5.0 5.0 5.2
3.8300000000000005e-08 5.0 5.0 5.2
3.840000000000001e-08 5.0 5.0 5.2
3.850000000000001e-08 5.0 5.0 5.2
3.8600000000000015e-08 5.0 5.0 5.4
3.870000000000001e-08 5.0 5.0 5.4
3.8800000000000003e-08 5.0 5.0 5.2
3.890000000000001e-08 5.0 5.0 5.2
3.9000000000000005e-08 5.0 5.0 5.2
3.910000000000001e-08 5.0 5.0 5.2
3.920000000000001e-08 5.0 5.2 5.2
3.9300000000000014e-08 5.0 5.2 5.2
3.940000000000001e-08 5.0 5.0 5.2
3.95e-08 5.0 5.0 5.2
3.960000000000001e-08 5.0 5.0 5.2
3.9700000000000005e-08 5.0 5.0 5.2
3.980000000000001e-08 5.0 5.0 5.2
3.9900000000000007e-08 5.0 5.0 5.2
4.0000000000000014e-08 5.0 5.0 5.2
4.010000000000001e-08 5.0 5.0 5.2
4.02e-08 5.0 5.0 5.4
4.030000000000001e-08 5.0 5.0 5.4
4.0400000000000004e-08 5.0 5.2 5.4
4.050000000000001e-08 5.0 5.2 5.4
4.0600000000000006e-08 5.0 5.2 5.4
4.0700000000000014e-08 5.0 5.2 5.4
4.080000000000001e-08 5.0 5.2 5.4
4.0900000000000016e-08 5.0 5.2 5.4
4.100000000000001e-08 5.0 5.2 5.2
4.1100000000000004e-08 5.0 5.2 5.2
4.120000000000001e-08 4.800000000000001 5.4 5.2
4.1300000000000006e-08 4.800000000000001 5.4 5.2
4.1400000000000013e-08 4.800000000000001 5.4 5.2
4.150000000000001e-08 4.800000000000001 5.4 5.2
4.1600000000000015e-08 5.0 5.4 5.2
4.170000000000001e-08 5.0 5.4 5.2
4.1800000000000004e-08 5.0 5.4 5.2
4.190000000000001e-08 5.0 5.4 5.2
4.2000000000000006e-08 5.0 5.4 5.2
4.210000000000001e-08 5.0 5.4 5.2
4.220000000000001e-08 4.800000000000001 5.2 5.2
4.2300000000000015e-08 4.800000000000001 5.2 5.2
4.240000000000001e-08 4.800000000000001 5.2 5.2
4.2500000000000003e-08 4.800000000000001 5.2 5.2
4.260000000000001e-08 5.0 5.2 5.2
4.2700000000000005e-08 5.0 5.2 5.2
4.280000000000001e-08 5.0 5.2 5.2
4.290000000000001e-08 5.0 5.2 5.2
4.3000000000000014e-08 5.0 5.2 5.2
4.310000000000001e-08 5.0 5.2 5.2
4.32e-08 5.0 5.2 5.4
4.330000000000001e-08 5.0 5.2 5.4
4.3400000000000005e-08 5.0 5.4 5.2
4.350000000000001e-08 5.0 5.4 5.2
4.3600000000000007e-08 5.0 5.4 5.2
4.3700000000000014e-08 5.0 5.4 5.2
4.380000000000001e-08 5.0 5.4 5.4
4.39e-08 5.0 5.4 5.4
4.400000000000001e-08 5.0 5.4 5.2
4.4100000000000004e-08 5.0 5.4 5.2
4.420000000000001e-08 5.0 5.2 5.2
4.4300000000000006e-08 5.0 5.2 5.2
4.4400000000000014e-08 5.0 5.2 5.2
4.450000000000001e-08 5.0 5.2 5.2
4.4600000000000016e-08 5.0 5.2 5.2
4.470000000000001e-08 5.0 5.2 5.2
4.4800000000000004e-08 5.0 5.4 5.4
4.490000000000001e-08 5.0 5.4 5.4
4.5000000000000006e-08 5.0 5.4 5.2
4.5100000000000013e-08 5.0 5.4 5.2
4.520000000000001e-08 5.0 5.4 5.2
4.5300000000000015e-08 5.0 5.4 5.2
4.540000000000001e-08 5.0 5.4 5.2
4.5500000000000004e-08 5.0 5.4 5.2
4.560000000000001e-08 5.0 5.4 5.2
4.5700000000000006e-08 5.0 5.4 5.2
4.580000000000001e-08 5.0 5.4 5.2
4.590000000000001e-08 5.0 5.4 5.2
4.6000000000000015e-08 5.0 5.0 5.2
4.610000000000001e-08 5.0 5.0 5.2
4.6200000000000003e-08 5.0 5.0 5.2
4.630000000000001e-08 5.0 5.0 5.2
4.6400000000000005e-08 5.0 5.2 5.2
4.650000000000001e-08 5.0 5.2 5.2
4.660000000000001e-08 5.0 5.2 5.2
4.6700000000000015e-08 5.0 5.2 5.2
4.680000000000001e-08 5.0 5.0 5.2
4.69e-08 5.0 5.0 5.2
4.700000000000001e-08 5.0 5.0 5.2
4.7100000000000005e-08 5.0 5.0 5.2
4.720000000000001e-08 5.0 5.0 5.2
4.7300000000000007e-08 5.0 5.0 5.2
4.7400000000000014e-08 5.0 5.0 5.4
4.750000000000001e-08 5.0 5.0 5.4
4.76e-08 5.0 5.0 5.2
4.770000000000001e-08 5.0 5.0 5.2
4.7800000000000005e-08 5.0 5.0 5.2
4.790000000000001e-08 5.0 5.0 5.2
4.8000000000000006e-08 5.0 5.0 5.2
4.8100000000000014e-08 5.0 5.0 5.2
4.820000000000001e-08 5.0 5.0 5.2
4.8300000000000016e-08 5.0 5.0 5.2
4.840000000000001e-08 5.0 5.2 5.2
4.8500000000000004e-08 5.0 5.2 5.2
4.860000000000001e-08 5.0 5.2 5.2
4.8700000000000006e-08 5.0 5.2 5.2
4.8800000000000013e-08 5.0 5.2 5.2
4.890000000000001e-08 5.0 5.2 5.2
4.9000000000000015e-08 4.800000000000001 5.0 5.2
4.910000000000001e-08 4.800000000000001 5.0 5.2
4.9200000000000004e-08 5.0 5.0 5.2
4.930000000000001e-08 5.0 5.0 5.2
4.9400000000000006e-08 5.0 5.0 5.2
4.950000000000001e-08 5.0 5.0 5.2
4.960000000000001e-08 5.0 5.0 5.2
4.9700000000000015e-08 5.0 5.0 5.2
4.980000000000001e-08 4.800000000000001 5.0 5.4
4.9900000000000003e-08 4.800000000000001 5.0 5.4
5.000000000000001e-08 5.0 5.0 5.2
5.0100000000000005e-08 5.0 5.0 5.2
5.020000000000001e-08 5.0 5.0 5.2
5.030000000000001e-08 5.0 5.0 5.2
5.0400000000000015e-08 5.0 5.4 5.2
5.050000000000001e-08 5.0 5.4 5.2
5.06e-08 5.0 5.4 5.2
5.070000000000001e-08 5.0 5.4 5.2
5.0800000000000005e-08 5.0 5.4 5.2
5.090000000000001e-08 5.0 5.4 5.2
5.100000000000001e-08 5.0 5.4 5.2
5.1100000000000014e-08 5.0 5.4 5.2
5.120000000000001e-08 5.0 5.4 5.4
5.1300000000000016e-08 5.0 5.4 5.4
5.140000000000001e-08 5.0 5.4 5.4
5.1500000000000005e-08 5.0 5.4 5.4
5.160000000000001e-08 5.0 5.4 5.2
5.1700000000000006e-08 5.0 5.4 5.2
5.1800000000000014e-08 5.0 5.4 5.2
5.190000000000001e-08 5.0 5.4 5.2
5.2000000000000016e-08 5.0 5.4 5.2
5.210000000000001e-08 5.0 5.4 5.2
5.2200000000000004e-08 5.0 5.4 5.2
5.230000000000001e-08 5.0 5.4 5.2
5.2400000000000006e-08 5.0 5.4 5.2
5.2500000000000014e-08 5.0 5.4 5.2
5.260000000000001e-08 5.0 5.2 5.2
5.2700000000000015e-08 5.0 5.2 5.2
5.280000000000001e-08 5.0 5.4 5.2
5.2900000000000004e-08 5.0 5.4 5.2
5.300000000000001e-08 5.0 5.2 5.2
5.3100000000000006e-08 5.0 5.2 5.2
5.320000000000001e-08 4.800000000000001 5.4 5.2
5.330000000000001e-08 4.800000000000001 5.4 5.2
5.3400000000000015e-08 4.800000000000001 5.4 5.2
5.350000000000001e-08 4.800000000000001 5.4 5.2
5.3600000000000004e-08 4.800000000000001 5.4 5.4
5.370000000000001e-08 4.800000000000001 5.4 5.4
5.3800000000000005e-08 4.6000000000000005 5.2 5.4
5.390000000000001e-08 4.6000000000000005 5.2 5.4
5.400000000000001e-08 4.6000000000000005 5.4 5.6000000000000005
5.4100000000000015e-08 4.6000000000000005 5.4 5.6000000000000005
5.420000000000001e-08 4.6000000000000005 5.2 5.4
5.43e-08 4.6000000000000005 5.2 5.4
5.440000000000001e-08 4.800000000000001 5.2 5.4
5.4500000000000005e-08 4.800000000000001 5.2 5.4
5.460000000000001e-08 4.800000000000001 5.4 5.6000000000000005
5.470000000000001e-08 4.800000000000001 5.4 5.6000000000000005
5.4800000000000014e-08 4.800000000000001 5.2 5.6000000000000005
5.490000000000001e-08 4.800000000000001 5.2 5.6000000000000005
5.5000000000000016e-08 4.800000000000001 5.2 5.6000000000000005
5.510000000000001e-08 4.800000000000001 5.2 5.6000000000000005
5.5200000000000005e-08 4.800000000000001 5.4 5.6000000000000005
5.530000000000001e-08 4.800000000000001 5.4 5.6000000000000005
5.5400000000000006e-08 4.800000000000001 5.2 5.4
5.5500000000000014e-08 4.800000000000001 5.2 5.4
5.560000000000001e-08 4.800000000000001 5.2 5.4
5.5700000000000016e-08 4.800000000000001 5.2 5.4
5.580000000000001e-08 4.800000000000001 5.2 5.4
5.5900000000000004e-08 4.800000000000001 5.2 5.4
5.600000000000001e-08 4.800000000000001 5.2 5.4
5.6100000000000006e-08 4.800000000000001 5.2 5.4
5.6200000000000014e-08 4.800000000000001 5.2 5.6000000000000005
5.630000000000001e-08 4.800000000000001 5.2 5.6000000000000005
5.6400000000000015e-08 4.6000000000000005 5.2 5.6000000000000005
5.650000000000001e-08 4.6000000000000005 5.2 5.6000000000000005
5.6600000000000004e-08 4.6000000000000005 5.2 5.6000000000000005
5.670000000000001e-08 4.6000000000000005 5.2 5.6000000000000005
5.6800000000000006e-08 4.800000000000001 5.2 5.6000000000000005
5.690000000000001e-08 4.800000000000001 5.2 5.6000000000000005
5.700000000000001e-08 4.800000000000001 5.2 5.6000000000000005
5.7100000000000015e-08 4.800000000000001 5.2 5.6000000000000005
5.720000000000001e-08 4.800000000000001 5.4 5.6000000000000005
5.7300000000000004e-08 4.800000000000001 5.4 5.6000000000000005
5.740000000000001e-08 4.6000000000000005 5.2 5.4
5.7500000000000005e-08 4.6000000000000005 5.2 5.4
5.760000000000001e-08 4.6000000000000005 5.2 5.6000000000000005
5.770000000000001e-08 4.6000000000000005 5.2 5.6000000000000005
5.7800000000000015e-08 4.800000000000001 5.2 5.6000000000000005
5.790000000000001e-08 4.800000000000001 5.2 5.6000000000000005
5.8e-08 4.800000000000001 5.2 5.6000000000000005
5.810000000000001e-08 4.800000000000001 5.2 5.6000000000000005
5.8200000000000005e-08 4.800000000000001 5.2 5.6000000000000005
5.830000000000001e-08 4.800000000000001 5.2 5.6000000000000005
5.840000000000001e-08 4.800000000000001 5.2 5.4
5.8500000000000014e-08 4.800000000000001 5.2 5.4
5.860000000000001e-08 4.800000000000001 5.4 5.6000000000000005
5.8700000000000016e-08 4.800000000000001 5.4 5.6000000000000005
5.880000000000001e-08 4.800000000000001 5.2 5.6000000000000005
5.8900000000000005e-08 4.800000000000001 5.2 5.6000000000000005
5.900000000000001e-08 4.800000000000001 5.2 5.6000000000000005
5.9100000000000006e-08 4.800000000000001 5.2 5.6000000000000005
5.9200000000000014e-08 4.800000000000001 5.4 5.6000000000000005
5.930000000000002e-08 4.800000000000001 5.4 5.6000000000000005
5.94e-08 4.800000000000001 5.2 5.6000000000000005
5.950000000000001e-08 4.800000000000001 5.2 5.6000000000000005
5.960000000000002e-08 4.800000000000001 5.2 5.6000000000000005
5.97e-08 4.800000000000001 5.2 5.6000000000000005
5.98e-08 4.800000000000001 5.2 5.6000000000000005
5.990000000000001e-08 4.800000000000001 5.2 5.6000000000000005
