time channel1 channel2 channel3
-3.4e-08 4.800000000000001 4.6000000000000005 5.0
-3.39e-08 4.800000000000001 4.6000000000000005 5.0
-3.38e-08 4.6000000000000005 4.6000000000000005 5.0
-3.37e-08 4.6000000000000005 4.6000000000000005 5.0
-3.36e-08 4.6000000000000005 4.800000000000001 5.0
-3.35e-08 4.6000000000000005 4.800000000000001 5.0
-3.34e-08 4.6000000000000005 4.6000000000000005 5.0
-3.33e-08 4.6000000000000005 4.6000000000000005 5.0
-3.32e-08 4.6000000000000005 4.6000000000000005 5.0
-3.31e-08 4.6000000000000005 4.6000000000000005 5.0
-3.3e-08 4.6000000000000005 4.6000000000000005 5.0
-3.29e-08 4.6000000000000005 4.6000000000000005 5.0
-3.28e-08 4.6000000000000005 4.800000000000001 5.0
-3.27e-08 4.6000000000000005 4.800000000000001 5.0
-3.26e-08 4.800000000000001 4.6000000000000005 5.0
-3.25e-08 4.800000000000001 4.6000000000000005 5.0
-3.24e-08 4.6000000000000005 4.800000000000001 4.800000000000001
-3.23e-08 4.6000000000000005 4.800000000000001 4.800000000000001
-3.22e-08 4.6000000000000005 4.800000000000001 4.800000000000001
-3.21e-08 4.6000000000000005 4.800000000000001 4.800000000000001
-3.2e-08 4.800000000000001 4.800000000000001 4.800000000000001
-3.19e-08 4.800000000000001 4.800000000000001 4.800000000000001
-3.18e-08 4.6000000000000005 4.6000000000000005 5.0
-3.17e-08 4.6000000000000005 4.6000000000000005 5.0
-3.16e-08 4.6000000000000005 4.800000000000001 5.0
-3.15e-08 4.6000000000000005 4.800000000000001 5.0
-3.14e-08 4.6000000000000005 4.800000000000001 5.0
-3.13e-08 4.6000000000000005 4.800000000000001 5.0
-3.12e-08 4.800000000000001 4.800000000000001 5.0
-3.11e-08 4.800000000000001 4.800000000000001 5.0
-3.1e-08 4.6000000000000005 4.800000000000001 5.0
-3.09e-08 4.6000000000000005 4.800000000000001 5.0
-3.08e-08 4.6000000000000005 4.800000000000001 5.0
-3.07e-08 4.6000000000000005 4.800000000000001 5.0
-3.06e-08 4.6000000000000005 4.6000000000000005 5.0
-3.05e-08 4.6000000000000005 4.6000000000000005 5.0
-3.04e-08 4.6000000000000005 4.800000000000001 5.0
-3.03e-08 4.6000000000000005 4.800000000000001 5.0
-3.02e-08 4.6000000000000005 4.800000000000001 5.0
-3.01e-08 4.6000000000000005 4.800000000000001 5.0
-3e-08 4.800000000000001 4.800000000000001 5.0
-2.9899999999999996e-08 4.800000000000001 4.800000000000001 5.0
-2.98e-08 4.800000000000001 4.800000000000001 4.800000000000001
-2.97e-08 4.800000000000001 4.800000000000001 4.800000000000001
-2.96e-08 4.800000000000001 4.6000000000000005 5.0
-2.95e-08 4.800000000000001 4.6000000000000005 5.0
-2.94e-08 4.6000000000000005 4.800000000000001 5.0
-2.93e-08 4.6000000000000005 4.800000000000001 5.0
-2.92e-08 4.800000000000001 4.800000000000001 5.0
-2.91e-08 4.800000000000001 4.800000000000001 5.0
-2.9e-08 4.6000000000000005 4.6000000000000005 5.0
-2.89e-08 4.6000000000000005 4.6000000000000005 5.0
-2.88e-08 4.6000000000000005 4.6000000000000005 5.0
-2.87e-08 4.6000000000000005 4.6000000000000005 5.0
-2.8599999999999998e-08 4.800000000000001 4.800000000000001 4.800000000000001
-2.85e-08 4.800000000000001 4.800000000000001 4.800000000000001
-2.84e-08 4.800000000000001 4.800000000000001 5.0
-2.83e-08 4.800000000000001 4.800000000000001 5.0
-2.82e-08 4.800000000000001 4.800000000000001 4.800000000000001
-2.81e-08 4.800000000000001 4.800000000000001 4.800000000000001
-2.8e-08 4.800000000000001 4.6000000000000005 5.0
-2.79e-08 4.800000000000001 4.6000000000000005 5.0
-2.78e-08 4.800000000000001 4.6000000000000005 5.0
-2.77e-08 4.800000000000001 4.6000000000000005 5.0
-2.76e-08 4.6000000000000005 4.6000000000000005 5.0
-2.75e-08 4.6000000000000005 4.6000000000000005 5.0
-2.74e-08 4.6000000000000005 4.800000000000001 5.0
-2.73e-08 4.6000000000000005 4.800000000000001 5.0
-2.72e-08 4.6000000000000005 4.800000000000001 5.0
-2.7099999999999998e-08 4.6000000000000005 4.800000000000001 5.0
-2.7e-08 4.800000000000001 4.800000000000001 5.0
-2.69e-08 4.800000000000001 4.800000000000001 5.0
-2.6800000000000002e-08 4.6000000000000005 4.800000000000001 4.800000000000001
-2.67e-08 4.6000000000000005 4.800000000000001 4.800000000000001
-2.66e-08 4.6000000000000005 4.800000000000001 5.0
-2.65e-08 4.6000000000000005 4.800000000000001 5.0
-2.6399999999999998e-08 4.800000000000001 4.800000000000001 4.800000000000001
-2.63e-08 4.800000000000001 4.800000000000001 4.800000000000001
-2.62e-08 4.6000000000000005 4.800000000000001 4.800000000000001
-2.6100000000000002e-08 4.6000000000000005 4.800000000000001 4.800000000000001
-2.6e-08 4.800000000000001 4.800000000000001 4.800000000000001
-2.59e-08 4.800000000000001 4.800000000000001 4.800000000000001
-2.58e-08 4.6000000000000005 4.800000000000001 4.800000000000001
-2.57e-08 4.6000000000000005 4.800000000000001 4.800000000000001
-2.5599999999999998e-08 4.800000000000001 4.800000000000001 4.800000000000001
-2.55e-08 4.800000000000001 4.800000000000001 4.800000000000001
-2.54e-08 4.800000000000001 4.800000000000001 5.0
-2.53e-08 4.800000000000001 4.800000000000001 5.0
-2.52e-08 4.6000000000000005 4.800000000000001 4.800000000000001
-2.51e-08 4.6000000000000005 4.800000000000001 4.800000000000001
-2.5e-08 4.6000000000000005 4.6000000000000005 4.800000000000001
-2.4899999999999998e-08 4.6000000000000005 4.6000000000000005 4.800000000000001
-2.48e-08 4.6000000000000005 4.6000000000000005 4.800000000000001
-2.47e-08 4.6000000000000005 4.6000000000000005 4.800000000000001
-2.4600000000000002e-08 4.800000000000001 4.6000000000000005 5.0
-2.45e-08 4.800000000000001 4.6000000000000005 5.0
-2.44e-08 4.800000000000001 4.6000000000000005 4.800000000000001
-2.43e-08 4.800000000000001 4.6000000000000005 4.800000000000001
-2.4199999999999998e-08 4.800000000000001 4.800000000000001 4.800000000000001
-2.4099999999999997e-08 4.800000000000001 4.800000000000001 4.800000000000001
-2.4e-08 4.800000000000001 4.6000000000000005 5.0
-2.39e-08 4.800000000000001 4.6000000000000005 5.0
-2.38e-08 4.800000000000001 4.800000000000001 4.800000000000001
-2.37e-08 4.800000000000001 4.800000000000001 4.800000000000001
-2.36e-08 4.800000000000001 4.800000000000001 4.800000000000001
-2.35e-08 4.800000000000001 4.800000000000001 4.800000000000001
-2.3399999999999998e-08 4.800000000000001 4.800000000000001 5.0
-2.33e-08 4.800000000000001 4.800000000000001 5.0
-2.32e-08 4.800000000000001 4.800000000000001 5.0
-2.3100000000000002e-08 4.800000000000001 4.800000000000001 5.0
-2.3e-08 4.800000000000001 4.6000000000000005 5.0
-2.29e-08 4.800000000000001 4.6000000000000005 5.0
-2.28e-08 4.800000000000001 4.800000000000001 4.800000000000001
-2.2699999999999998e-08 4.800000000000001 4.800000000000001 4.800000000000001
-2.2599999999999997e-08 4.800000000000001 4.800000000000001 4.800000000000001
-2.25e-08 4.800000000000001 4.800000000000001 4.800000000000001
-2.2400000000000002e-08 4.800000000000001 4.800000000000001 4.800000000000001
-2.23e-08 4.800000000000001 4.800000000000001 4.800000000000001
-2.22e-08 4.800000000000001 4.800000000000001 4.800000000000001
-2.21e-08 4.800000000000001 4.800000000000001 4.800000000000001
-2.2e-08 4.800000000000001 4.800000000000001 4.800000000000001
-2.1899999999999998e-08 4.800000000000001 4.800000000000001 4.800000000000001
-2.18e-08 4.800000000000001 4.800000000000001 5.0
-2.17e-08 4.800000000000001 4.800000000000001 5.0
-2.16e-08 4.800000000000001 4.800000000000001 4.800000000000001
-2.15e-08 4.800000000000001 4.800000000000001 4.800000000000001
-2.14e-08 4.800000000000001 4.800000000000001 5.0
-2.13e-08 4.800000000000001 4.800000000000001 5.0
-2.1199999999999998e-08 4.800000000000001 4.6000000000000005 5.0
-2.11e-08 4.800000000000001 4.6000000000000005 5.0
-2.1e-08 4.800000000000001 4.800000000000001 5.0
-2.0900000000000002e-08 4.800000000000001 4.800000000000001 5.0
-2.08e-08 4.800000000000001 4.800000000000001 4.800000000000001
-2.07e-08 4.800000000000001 4.800000000000001 4.800000000000001
-2.06e-08 4.800000000000001 4.800000000000001 4.800000000000001
-2.0499999999999998e-08 4.800000000000001 4.800000000000001 4.800000000000001
-2.0399999999999997e-08 4.800000000000001 4.800000000000001 5.0
-2.03e-08 4.800000000000001 4.800000000000001 5.0
-2.02e-08 4.6000000000000005 4.800000000000001 4.800000000000001
-2.01e-08 4.6000000000000005 4.800000000000001 4.800000000000001
-2e-08 4.6000000000000005 4.800000000000001 5.0
-1.99e-08 4.6000000000000005 4.800000000000001 5.0
-1.98e-08 4.6000000000000005 4.800000000000001 4.800000000000001
-1.9699999999999998e-08 4.6000000000000005 4.800000000000001 4.800000000000001
-1.96e-08 4.6000000000000005 4.800000000000001 4.800000000000001
-1.95e-08 4.6000000000000005 4.800000000000001 4.800000000000001
-1.9400000000000002e-08 4.6000000000000005 4.800000000000001 5.0
-1.93e-08 4.6000000000000005 4.800000000000001 5.0
-1.92e-08 4.6000000000000005 4.800000000000001 5.0
-1.91e-08 4.6000000000000005 4.800000000000001 5.0
-1.8999999999999998e-08 4.6000000000000005 4.800000000000001 5.0
-1.89e-08 4.6000000000000005 4.800000000000001 5.0
-1.88e-08 4.800000000000001 4.800000000000001 5.0
-1.87e-08 4.800000000000001 4.800000000000001 5.0
-1.86e-08 4.800000000000001 4.6000000000000005 5.0
-1.85e-08 4.800000000000001 4.6000000000000005 5.0
-1.84e-08 4.800000000000001 4.800000000000001 5.0
-1.83e-08 4.800000000000001 4.800000000000001 5.0
-1.82e-08 4.6000000000000005 4.800000000000001 5.0
-1.81e-08 4.6000000000000005 4.800000000000001 5.0
-1.8e-08 4.6000000000000005 4.800000000000001 4.800000000000001
-1.7899999999999998e-08 4.6000000000000005 4.800000000000001 4.800000000000001
-1.78e-08 4.6000000000000005 4.6000000000000005 5.0
-1.77e-08 4.6000000000000005 4.6000000000000005 5.0
-1.76e-08 4.6000000000000005 4.800000000000001 5.0
-1.7499999999999998e-08 4.6000000000000005 4.800000000000001 5.0
-1.74e-08 4.800000000000001 4.800000000000001 5.0
-1.73e-08 4.800000000000001 4.800000000000001 5.0
-1.72e-08 4.800000000000001 4.800000000000001 5.0
-1.71e-08 4.800000000000001 4.800000000000001 5.0
-1.7e-08 4.800000000000001 4.800000000000001 4.800000000000001
-1.69e-08 4.800000000000001 4.800000000000001 4.800000000000001
-1.6799999999999998e-08 4.800000000000001 4.800000000000001 4.800000000000001
-1.67e-08 4.800000000000001 4.800000000000001 4.800000000000001
-1.66e-08 4.800000000000001 4.800000000000001 5.0
-1.65e-08 4.800000000000001 4.800000000000001 5.0
-1.6399999999999998e-08 4.800000000000001 4.800000000000001 4.800000000000001
-1.63e-08 4.800000000000001 4.800000000000001 4.800000000000001
-1.62e-08 4.6000000000000005 4.800000000000001 5.0
-1.61e-08 4.6000000000000005 4.800000000000001 5.0
-1.6e-08 4.800000000000001 4.800000000000001 5.0
-1.59e-08 4.800000000000001 4.800000000000001 5.0
-1.58e-08 4.800000000000001 4.800000000000001 5.0
-1.5699999999999998e-08 4.800000000000001 4.800000000000001 5.0
-1.56e-08 4.800000000000001 4.800000000000001 5.0
-1.55e-08 4.800000000000001 4.800000000000001 5.0
-1.54e-08 4.6000000000000005 4.800000000000001 5.0
-1.5299999999999998e-08 4.6000000000000005 4.800000000000001 5.0
-1.52e-08 4.6000000000000005 4.800000000000001 5.0
-1.51e-08 4.6000000000000005 4.800000000000001 5.0
-1.5e-08 4.6000000000000005 4.800000000000001 5.0
-1.4899999999999998e-08 4.6000000000000005 4.800000000000001 5.0
-1.48e-08 4.800000000000001 4.800000000000001 5.0
-1.47e-08 4.800000000000001 4.800000000000001 5.0
-1.4599999999999998e-08 4.6000000000000005 4.800000000000001 5.0
-1.45e-08 4.6000000000000005 4.800000000000001 5.0
-1.44e-08 4.800000000000001 4.800000000000001 5.0
-1.4299999999999999e-08 4.800000000000001 4.800000000000001 5.0
-1.4199999999999998e-08 4.6000000000000005 4.800000000000001 5.0
-1.41e-08 4.6000000000000005 4.800000000000001 5.0
-1.4e-08 4.800000000000001 4.800000000000001 4.800000000000001
-1.3899999999999999e-08 4.800000000000001 4.800000000000001 4.800000000000001
-1.3799999999999998e-08 4.800000000000001 4.800000000000001 4.800000000000001
-1.37e-08 4.800000000000001 4.800000000000001 4.800000000000001
-1.36e-08 4.800000000000001 4.6000000000000005 5.0
-1.3499999999999998e-08 4.800000000000001 4.6000000000000005 5.0
-1.3400000000000001e-08 4.800000000000001 4.800000000000001 4.800000000000001
-1.33e-08 4.800000000000001 4.800000000000001 4.800000000000001
-1.3199999999999999e-08 4.800000000000001 4.800000000000001 5.0
-1.3099999999999998e-08 4.800000000000001 4.800000000000001 5.0
-1.3e-08 4.800000000000001 4.800000000000001 5.0
-1.29e-08 4.800000000000001 4.800000000000001 5.0
-1.2799999999999999e-08 4.800000000000001 4.800000000000001 5.0
-1.2699999999999998e-08 4.800000000000001 4.800000000000001 5.0
-1.26e-08 4.800000000000001 4.6000000000000005 5.0
-1.25e-08 4.800000000000001 4.6000000000000005 5.0
-1.2399999999999999e-08 4.800000000000001 4.6000000000000005 5.0
-1.2299999999999998e-08 4.800000000000001 4.6000000000000005 5.0
-1.22e-08 4.6000000000000005 4.800000000000001 5.0
-1.2099999999999999e-08 4.6000000000000005 4.800000000000001 5.0
-1.1999999999999998e-08 4.6000000000000005 4.6000000000000005 5.0
-1.19e-08 4.6000000000000005 4.6000000000000005 5.0
-1.18e-08 4.800000000000001 4.6000000000000005 5.0
-1.1699999999999999e-08 4.800000000000001 4.6000000000000005 5.0
-1.1599999999999998e-08 4.800000000000001 4.800000000000001 5.0
-1.15e-08 4.800000000000001 4.800000000000001 5.0
-1.14e-08 4.800000000000001 4.800000000000001 5.0
-1.1299999999999999e-08 4.800000000000001 4.800000000000001 5.0
-1.1199999999999998e-08 4.800000000000001 4.800000000000001 5.0
-1.11e-08 4.800000000000001 4.800000000000001 5.0
-1.1e-08 4.800000000000001 4.800000000000001 5.0
-1.0899999999999998e-08 4.800000000000001 4.800000000000001 5.0
-1.08e-08 4.800000000000001 4.800000000000001 4.800000000000001
-1.07e-08 4.800000000000001 4.800000000000001 4.800000000000001
-1.0599999999999999e-08 4.800000000000001 4.800000000000001 4.800000000000001
-1.0499999999999998e-08 4.800000000000001 4.800000000000001 4.800000000000001
-1.04e-08 4.800000000000001 4.6000000000000005 4.800000000000001
-1.03e-08 4.800000000000001 4.6000000000000005 4.800000000000001
-1.0199999999999999e-08 4.800000000000001 4.6000000000000005 5.0
-1.0099999999999998e-08 4.800000000000001 4.6000000000000005 5.0
-1e-08 4.800000000000001 4.800000000000001 5.0
-9.9e-09 4.800000000000001 4.800000000000001 5.0
-9.799999999999998e-09 4.6000000000000005 4.6000000000000005 5.0
-9.699999999999998e-09 4.6000000000000005 4.6000000000000005 5.0
-9.6e-09 4.6000000000000005 4.6000000000000005 4.800000000000001
-9.499999999999999e-09 4.6000000000000005 4.6000000000000005 4.800000000000001
-9.399999999999998e-09 4.800000000000001 4.6000000000000005 5.0
-9.3e-09 4.800000000000001 4.6000000000000005 5.0
-9.2e-09 4.6000000000000005 4.6000000000000005 5.0
-9.099999999999999e-09 4.6000000000000005 4.6000000000000005 5.0
-8.999999999999998e-09 4.6000000000000005 4.800000000000001 5.0
-8.9e-09 4.6000000000000005 4.800000000000001 5.0
-8.8e-09 4.6000000000000005 4.800000000000001 5.0
-8.699999999999998e-09 4.6000000000000005 4.800000000000001 5.0
-8.599999999999998e-09 4.800000000000001 4.800000000000001 5.0
-8.5e-09 4.800000000000001 4.800000000000001 5.0
-8.399999999999999e-09 4.800000000000001 4.800000000000001 5.0
-8.299999999999998e-09 4.800000000000001 4.800000000000001 5.0
-8.2e-09 4.800000000000001 4.6000000000000005 5.0
-8.1e-09 4.800000000000001 4.6000000000000005 5.0
-7.999999999999999e-09 4.800000000000001 4.800000000000001 5.0
-7.899999999999998e-09 4.800000000000001 4.800000000000001 5.0
-7.8e-09 4.800000000000001 4.800000000000001 5.0
-7.7e-09 4.800000000000001 4.800000000000001 5.0
-7.599999999999999e-09 4.4 4.800000000000001 5.0
-7.499999999999998e-09 4.4 4.800000000000001 5.0
-7.4e-09 4.6000000000000005 4.800000000000001 4.800000000000001
-7.299999999999999e-09 4.6000000000000005 4.800000000000001 4.800000000000001
-7.199999999999998e-09 4.6000000000000005 4.800000000000001 4.800000000000001
-7.100000000000001e-09 4.6000000000000005 4.800000000000001 4.800000000000001
-7e-09 4.6000000000000005 4.800000000000001 4.800000000000001
-6.899999999999999e-09 4.6000000000000005 4.800000000000001 4.800000000000001
-6.799999999999998e-09 4.6000000000000005 4.800000000000001 4.6000000000000005
-6.7000000000000004e-09 4.6000000000000005 4.800000000000001 4.6000000000000005
-6.5999999999999995e-09 4.4 4.800000000000001 4.6000000000000005
-6.499999999999999e-09 4.4 4.800000000000001 4.6000000000000005
-6.399999999999998e-09 4.6000000000000005 4.6000000000000005 4.6000000000000005
-6.3e-09 4.6000000000000005 4.6000000000000005 4.6000000000000005
-6.199999999999999e-09 4.6000000000000005 4.800000000000001 4.800000000000001
-6.099999999999998e-09 4.6000000000000005 4.800000000000001 4.800000000000001
-5.9999999999999975e-09 4.4 4.800000000000001 4.6000000000000005
-5.9e-09 4.4 4.800000000000001 4.6000000000000005
-5.799999999999999e-09 4.6000000000000005 4.800000000000001 4.6000000000000005
-5.699999999999998e-09 4.6000000000000005 4.800000000000001 4.6000000000000005
-5.6000000000000005e-09 4.6000000000000005 4.800000000000001 4.6000000000000005
-5.5e-09 4.6000000000000005 4.800000000000001 4.6000000000000005
-5.399999999999999e-09 4.4 4.6000000000000005 4.6000000000000005
-5.299999999999998e-09 4.4 4.6000000000000005 4.6000000000000005
-5.2e-09 4.2 4.800000000000001 4.6000000000000005
-5.099999999999999e-09 4.2 4.800000000000001 4.6000000000000005
-4.9999999999999985e-09 4.2 4.800000000000001 4.6000000000000005
-4.8999999999999976e-09 4.2 4.800000000000001 4.6000000000000005
-4.8e-09 4.2 4.800000000000001 4.800000000000001
-4.699999999999999e-09 4.2 4.800000000000001 4.800000000000001
-4.599999999999998e-09 4.2 4.6000000000000005 4.800000000000001
-4.500000000000001e-09 4.2 4.6000000000000005 4.800000000000001
-4.4e-09 4.0 4.800000000000001 4.6000000000000005
-4.299999999999999e-09 4.0 4.800000000000001 4.6000000000000005
-4.199999999999998e-09 4.0 4.800000000000001 4.6000000000000005
-4.099999999999997e-09 4.0 4.800000000000001 4.6000000000000005
-3.999999999999996e-09 3.6 4.800000000000001 4.6000000000000005
-3.900000000000002e-09 3.6 4.800000000000001 4.6000000000000005
-3.800000000000001e-09 3.6 4.6000000000000005 4.6000000000000005
-3.7e-09 3.6 4.6000000000000005 4.6000000000000005
-3.599999999999999e-09 3.6 4.800000000000001 4.6000000000000005
-3.4999999999999983e-09 3.6 4.800000000000001 4.6000000000000005
-3.3999999999999974e-09 3.4000000000000004 4.800000000000001 4.6000000000000005
-3.2999999999999965e-09 3.4000000000000004 4.800000000000001 4.6000000000000005
-3.200000000000002e-09 3.6 4.800000000000001 5.0
-3.1000000000000013e-09 3.6 4.800000000000001 5.0
-3.0000000000000004e-09 3.4000000000000004 4.800000000000001 5.0
-2.8999999999999995e-09 3.4000000000000004 4.800000000000001 5.0
-2.7999999999999986e-09 3.2 4.800000000000001 5.0
-2.6999999999999977e-09 3.2 4.800000000000001 5.0
-2.599999999999997e-09 3.2 4.800000000000001 5.0
-2.499999999999996e-09 3.2 4.800000000000001 5.0
-2.4000000000000016e-09 3.2 4.800000000000001 5.0
-2.3000000000000007e-09 3.2 4.800000000000001 5.0
-2.2e-09 3.2 4.800000000000001 4.800000000000001
-2.099999999999999e-09 3.2 4.800000000000001 4.800000000000001
-1.999999999999998e-09 3.0 4.6000000000000005 5.0
-1.899999999999997e-09 3.0 4.6000000000000005 5.0
-1.7999999999999963e-09 3.0 4.800000000000001 4.800000000000001
-1.700000000000002e-09 3.0 4.800000000000001 4.800000000000001
-1.600000000000001e-09 3.0 4.800000000000001 4.800000000000001
-1.5000000000000002e-09 3.0 4.800000000000001 4.800000000000001
-1.3999999999999993e-09 3.0 4.800000000000001 5.0
-1.2999999999999984e-09 3.0 4.800000000000001 5.0
-1.1999999999999975e-09 2.8000000000000003 4.800000000000001 5.0
-1.0999999999999966e-09 2.8000000000000003 4.800000000000001 5.0
-9.999999999999957e-10 2.8000000000000003 4.800000000000001 5.0
-9.000000000000014e-10 2.8000000000000003 4.800000000000001 5.0
-8.000000000000005e-10 2.8000000000000003 4.800000000000001 5.0
-6.999999999999997e-10 2.8000000000000003 4.800000000000001 5.0
-5.999999999999988e-10 2.8000000000000003 4.800000000000001 4.800000000000001
-4.999999999999979e-10 2.8000000000000003 4.800000000000001 4.800000000000001
-3.9999999999999696e-10 2.6 4.6000000000000005 4.800000000000001
-2.9999999999999607e-10 2.6 4.6000000000000005 4.800000000000001
-2.000000000000018e-10 2.4000000000000004 4.800000000000001 4.800000000000001
-1.000000000000009e-10 2.4000000000000004 4.800000000000001 4.800000000000001
0.0 2.2 4.800000000000001 4.800000000000001
1.000000000000009e-10 2.2 4.800000000000001 4.800000000000001
2.000000000000018e-10 2.2 4.800000000000001 5.0
3.000000000000027e-10 2.2 4.800000000000001 5.0
4.000000000000036e-10 2.2 4.6000000000000005 5.0
5.000000000000045e-10 2.2 4.6000000000000005 5.0
5.999999999999988e-10 2.4000000000000004 4.6000000000000005 5.0
6.999999999999997e-10 2.4000000000000004 4.6000000000000005 5.0
8.000000000000005e-10 2.2 4.800000000000001 5.0
9.000000000000014e-10 2.2 4.800000000000001 5.0
1.0000000000000023e-09 2.2 4.800000000000001 5.0
1.1000000000000032e-09 2.2 4.800000000000001 5.0
1.2000000000000041e-09 2.2 4.800000000000001 5.0
1.2999999999999984e-09 2.2 4.800000000000001 5.0
1.3999999999999993e-09 2.0 4.800000000000001 4.800000000000001
1.5000000000000002e-09 2.0 4.800000000000001 4.800000000000001
1.600000000000001e-09 2.0 4.800000000000001 5.0
1.700000000000002e-09 2.0 4.800000000000001 5.0
1.8000000000000029e-09 2.2 4.800000000000001 5.0
1.9000000000000038e-09 2.2 4.800000000000001 5.0
1.999999999999998e-09 2.2 4.800000000000001 5.0
2.099999999999999e-09 2.2 4.800000000000001 5.0
2.2e-09 2.2 4.800000000000001 5.0
2.3000000000000007e-09 2.2 4.800000000000001 5.0
2.4000000000000016e-09 1.8 4.800000000000001 4.800000000000001
2.5000000000000025e-09 1.8 4.800000000000001 4.800000000000001
2.6000000000000034e-09 1.8 4.800000000000001 5.0
2.7000000000000043e-09 1.8 4.800000000000001 5.0
2.7999999999999986e-09 1.8 4.6000000000000005 5.0
2.8999999999999995e-09 1.8 4.6000000000000005 5.0
3.0000000000000004e-09 1.8 4.800000000000001 5.0
3.1000000000000013e-09 1.8 4.800000000000001 5.0
3.200000000000002e-09 1.8 4.800000000000001 5.0
3.300000000000003e-09 1.8 4.800000000000001 5.0
3.400000000000004e-09 1.8 4.800000000000001 5.0
3.4999999999999983e-09 1.8 4.800000000000001 5.0
3.599999999999999e-09 1.6 4.800000000000001 5.0
3.7e-09 1.6 4.800000000000001 5.0
3.800000000000001e-09 1.6 4.800000000000001 5.0
3.900000000000002e-09 1.6 4.800000000000001 5.0
4.000000000000003e-09 1.6 4.800000000000001 5.0
4.100000000000004e-09 1.6 4.800000000000001 5.0
4.2000000000000045e-09 1.6 4.800000000000001 5.0
4.299999999999999e-09 1.6 4.800000000000001 5.0
4.4e-09 1.2000000000000002 4.800000000000001 5.0
4.500000000000001e-09 1.2000000000000002 4.800000000000001 5.0
4.6000000000000015e-09 1.2000000000000002 4.800000000000001 4.800000000000001
4.700000000000002e-09 1.2000000000000002 4.800000000000001 4.800000000000001
4.800000000000003e-09 1.2000000000000002 4.800000000000001 4.800000000000001
4.900000000000004e-09 1.2000000000000002 4.800000000000001 4.800000000000001
4.9999999999999985e-09 1.2000000000000002 4.6000000000000005 5.0
5.099999999999999e-09 1.2000000000000002 4.6000000000000005 5.0
5.2e-09 1.4000000000000001 4.800000000000001 4.800000000000001
5.300000000000001e-09 1.4000000000000001 4.800000000000001 4.800000000000001
5.400000000000002e-09 1.2000000000000002 4.800000000000001 5.0
5.500000000000003e-09 1.2000000000000002 4.800000000000001 5.0
5.600000000000004e-09 1.2000000000000002 4.800000000000001 4.800000000000001
5.699999999999998e-09 1.2000000000000002 4.800000000000001 4.800000000000001
5.799999999999999e-09 1.4000000000000001 4.6000000000000005 5.0
5.9e-09 1.4000000000000001 4.6000000000000005 5.0
6.000000000000001e-09 1.2000000000000002 4.6000000000000005 4.800000000000001
6.100000000000002e-09 1.2000000000000002 4.6000000000000005 4.800000000000001
6.2000000000000026e-09 1.0 4.800000000000001 5.0
6.3000000000000035e-09 1.0 4.800000000000001 5.0
6.400000000000004e-09 1.0 4.6000000000000005 5.0
6.499999999999999e-09 1.0 4.6000000000000005 5.0
6.5999999999999995e-09 1.0 4.6000000000000005 5.0
6.7000000000000004e-09 1.0 4.6000000000000005 5.0
6.800000000000001e-09 1.0 4.800000000000001 5.0
6.900000000000002e-09 1.0 4.800000000000001 5.0
7.000000000000003e-09 1.0 4.6000000000000005 5.0
7.100000000000004e-09 1.0 4.6000000000000005 5.0
7.199999999999998e-09 1.0 4.800000000000001 5.0
7.299999999999999e-09 1.0 4.800000000000001 5.0
7.4e-09 1.0 4.800000000000001 5.0
7.500000000000001e-09 1.0 4.800000000000001 5.0
7.600000000000002e-09 1.0 4.800000000000001 5.0
7.700000000000003e-09 1.0 4.800000000000001 5.0
7.800000000000004e-09 1.0 4.800000000000001 5.0
7.900000000000005e-09 1.0 4.800000000000001 5.0
7.999999999999999e-09 0.8 4.6000000000000005 4.800000000000001
8.1e-09 0.8 4.6000000000000005 4.800000000000001
8.2e-09 0.8 4.6000000000000005 4.800000000000001
8.300000000000002e-09 0.8 4.6000000000000005 4.800000000000001
8.400000000000002e-09 0.8 4.6000000000000005 4.800000000000001
8.500000000000003e-09 0.8 4.6000000000000005 4.800000000000001
8.600000000000004e-09 0.8 4.800000000000001 5.0
8.699999999999998e-09 0.8 4.800000000000001 5.0
8.8e-09 0.8 4.6000000000000005 4.800000000000001
8.9e-09 0.8 4.6000000000000005 4.800000000000001
9.000000000000001e-09 0.8 4.800000000000001 4.800000000000001
9.100000000000002e-09 0.8 4.800000000000001 4.800000000000001
9.200000000000003e-09 0.8 4.800000000000001 5.0
9.300000000000004e-09 0.8 4.800000000000001 5.0
9.400000000000005e-09 0.8 4.800000000000001 5.0
9.499999999999999e-09 0.8 4.800000000000001 5.0
9.6e-09 0.8 4.800000000000001 5.0
9.700000000000001e-09 0.8 4.800000000000001 5.0
9.800000000000002e-09 0.8 4.800000000000001 5.0
9.900000000000003e-09 0.8 4.800000000000001 5.0
1.0000000000000004e-08 0.8 4.800000000000001 5.0
1.0100000000000004e-08 0.8 4.800000000000001 5.0
1.0199999999999999e-08 1.0 4.800000000000001 5.0
1.03e-08 1.0 4.800000000000001 5.0
1.04e-08 0.8 4.800000000000001 4.800000000000001
1.0500000000000001e-08 0.8 4.800000000000001 4.800000000000001
1.0600000000000002e-08 0.8 4.800000000000001 4.800000000000001
1.0700000000000003e-08 0.8 4.800000000000001 4.800000000000001
1.0800000000000004e-08 0.8 4.800000000000001 4.6000000000000005
1.0899999999999998e-08 0.8 4.800000000000001 4.6000000000000005
1.1e-08 0.8 4.800000000000001 4.6000000000000005
1.11e-08 0.8 4.800000000000001 4.6000000000000005
1.1200000000000001e-08 0.8 4.800000000000001 4.800000000000001
1.1300000000000002e-08 0.8 4.800000000000001 4.800000000000001
1.1400000000000003e-08 0.8 4.800000000000001 4.6000000000000005
1.1500000000000004e-08 0.8 4.800000000000001 4.6000000000000005
1.1600000000000005e-08 0.8 4.800000000000001 4.6000000000000005
1.1699999999999999e-08 0.8 4.800000000000001 4.6000000000000005
1.18e-08 0.8 4.800000000000001 4.6000000000000005
1.19e-08 0.8 4.800000000000001 4.6000000000000005
1.2000000000000002e-08 0.6000000000000001 4.800000000000001 4.6000000000000005
1.2100000000000002e-08 0.6000000000000001 4.800000000000001 4.6000000000000005
1.2200000000000003e-08 0.6000000000000001 4.800000000000001 4.800000000000001
1.2300000000000004e-08 0.6000000000000001 4.800000000000001 4.800000000000001
1.2399999999999999e-08 0.6000000000000001 4.800000000000001 4.800000000000001
1.25e-08 0.6000000000000001 4.800000000000001 4.800000000000001
1.26e-08 0.6000000000000001 4.800000000000001 4.800000000000001
1.2700000000000001e-08 0.6000000000000001 4.800000000000001 4.800000000000001
1.2800000000000002e-08 0.4 4.800000000000001 4.800000000000001
1.2900000000000003e-08 0.4 4.800000000000001 4.800000000000001
1.3000000000000004e-08 0.6000000000000001 4.800000000000001 4.6000000000000005
1.3100000000000005e-08 0.6000000000000001 4.800000000000001 4.6000000000000005
1.3199999999999999e-08 0.6000000000000001 4.800000000000001 4.6000000000000005
1.33e-08 0.6000000000000001 4.800000000000001 4.6000000000000005
1.3400000000000001e-08 0.6000000000000001 4.800000000000001 4.800000000000001
1.3500000000000002e-08 0.6000000000000001 4.800000000000001 4.800000000000001
1.3600000000000003e-08 0.6000000000000001 4.800000000000001 4.6000000000000005
1.3700000000000004e-08 0.6000000000000001 4.800000000000001 4.6000000000000005
1.3800000000000004e-08 0.6000000000000001 4.6000000000000005 4.6000000000000005
1.3899999999999999e-08 0.6000000000000001 4.6000000000000005 4.6000000000000005
1.4e-08 0.4 4.6000000000000005 4.6000000000000005
1.41e-08 0.4 4.6000000000000005 4.6000000000000005
1.4200000000000001e-08 0.4 4.6000000000000005 4.6000000000000005
1.4300000000000002e-08 0.4 4.6000000000000005 4.6000000000000005
1.4400000000000003e-08 0.4 4.6000000000000005 4.6000000000000005
1.4500000000000004e-08 0.4 4.6000000000000005 4.6000000000000005
1.4600000000000005e-08 0.4 4.800000000000001 4.6000000000000005
1.47e-08 0.4 4.800000000000001 4.6000000000000005
1.48e-08 0.4 4.4 4.6000000000000005
1.4900000000000001e-08 0.4 4.4 4.6000000000000005
1.5000000000000002e-08 0.4 4.4 4.6000000000000005
1.5100000000000003e-08 0.4 4.4 4.6000000000000005
1.5200000000000004e-08 0.4 4.4 4.800000000000001
1.5300000000000005e-08 0.4 4.4 4.800000000000001
1.54e-08 0.2 4.4 5.0
1.55e-08 0.2 4.4 5.0
1.56e-08 0.4 4.4 4.800000000000001
1.57e-08 0.4 4.4 4.800000000000001
1.5800000000000003e-08 0.2 4.4 4.800000000000001
1.5900000000000003e-08 0.2 4.4 4.800000000000001
1.6000000000000004e-08 0.0 4.2 4.800000000000001
1.61e-08 0.0 4.2 4.800000000000001
1.62e-08 0.0 4.2 4.800000000000001
1.63e-08 0.0 4.2 4.800000000000001
1.64e-08 0.0 3.8000000000000003 5.0
1.6500000000000002e-08 0.0 3.8000000000000003 5.0
1.6600000000000003e-08 0.0 4.0 4.800000000000001
1.6700000000000004e-08 0.0 4.0 4.800000000000001
1.6800000000000005e-08 0.2 4.0 5.0
1.69e-08 0.2 4.0 5.0
1.7e-08 0.0 4.0 4.800000000000001
1.71e-08 0.0 4.0 4.800000000000001
1.7200000000000002e-08 0.0 3.6 4.800000000000001
1.7300000000000003e-08 0.0 3.6 4.800000000000001
1.7400000000000004e-08 0.0 3.4000000000000004 5.0
1.7500000000000005e-08 0.0 3.4000000000000004 5.0
1.76e-08 0.0 3.2 4.6000000000000005
1.77e-08 0.0 3.2 4.6000000000000005
1.78e-08 0.0 3.2 4.6000000000000005
1.79e-08 0.0 3.2 4.6000000000000005
1.8000000000000002e-08 0.2 3.0 4.6000000000000005
1.8100000000000003e-08 0.2 3.0 4.6000000000000005
1.8200000000000004e-08 0.2 3.0 4.6000000000000005
1.8300000000000005e-08 0.2 3.0 4.6000000000000005
1.84e-08 0.0 2.6 4.4
1.85e-08 0.0 2.6 4.4
1.86e-08 0.2 2.6 4.4
1.8700000000000002e-08 0.2 2.6 4.4
1.8800000000000003e-08 0.2 2.4000000000000004 4.0
1.8900000000000004e-08 0.2 2.4000000000000004 4.0
1.9000000000000005e-08 0.2 2.4000000000000004 4.0
1.91e-08 0.2 2.4000000000000004 4.0
1.92e-08 0.0 2.2 3.8000000000000003
1.93e-08 0.0 2.2 3.8000000000000003
1.9400000000000002e-08 0.2 2.0 3.8000000000000003
1.9500000000000003e-08 0.2 2.0 3.8000000000000003
1.9600000000000003e-08 0.0 1.8 3.6
1.9700000000000004e-08 0.0 1.8 3.6
1.98e-08 0.0 1.8 3.4000000000000004
1.99e-08 0.0 1.8 3.4000000000000004
2e-08 0.0 1.2000000000000002 3.0
2.01e-08 0.0 1.2000000000000002 3.0
2.0200000000000002e-08 0.0 1.2000000000000002 3.2
2.0300000000000003e-08 0.0 1.2000000000000002 3.2
2.0400000000000004e-08 -0.2 1.0 2.6
2.0500000000000005e-08 -0.2 1.0 2.6
2.06e-08 -0.2 0.8 2.6
2.07e-08 -0.2 0.8 2.6
2.08e-08 -0.2 0.6000000000000001 2.0
2.0900000000000002e-08 -0.2 0.6000000000000001 2.0
2.1000000000000003e-08 -0.2 0.6000000000000001 2.0
2.1100000000000004e-08 -0.2 0.6000000000000001 2.0
2.1200000000000005e-08 -0.2 0.0 1.8
2.13e-08 -0.2 0.0 1.8
2.14e-08 -0.2 0.0 1.8
2.15e-08 -0.2 0.0 1.8
2.16e-08 -0.2 -0.2 1.0
2.1700000000000002e-08 -0.2 -0.2 1.0
2.1800000000000003e-08 -0.2 -0.4 1.0
2.1900000000000004e-08 -0.2 -0.4 1.0
2.2000000000000005e-08 0.0 -0.6000000000000001 0.6000000000000001
2.21e-08 0.0 -0.6000000000000001 0.6000000000000001
2.22e-08 -0.2 -0.6000000000000001 0.4
2.23e-08 -0.2 -0.6000000000000001 0.4
2.2400000000000002e-08 -0.2 -0.8 0.0
2.2500000000000003e-08 -0.2 -0.8 0.0
2.2600000000000004e-08 -0.2 -1.0 0.0
2.2700000000000005e-08 -0.2 -1.0 0.0
2.28e-08 0.0 -1.2000000000000002 -0.6000000000000001
2.29e-08 0.0 -1.2000000000000002 -0.6000000000000001
2.3e-08 0.0 -1.2000000000000002 -0.4
2.3100000000000002e-08 0.0 -1.2000000000000002 -0.4
2.3200000000000003e-08 0.0 -1.2000000000000002 -0.8
2.3300000000000003e-08 0.0 -1.2000000000000002 -0.8
2.3400000000000004e-08 -0.2 -1.2000000000000002 -0.8
2.3500000000000005e-08 -0.2 -1.2000000000000002 -0.8
2.36e-08 -0.2 -1.6 -1.2000000000000002
2.37e-08 -0.2 -1.6 -1.2000000000000002
2.38e-08 -0.2 -1.6 -1.0
2.3900000000000002e-08 -0.2 -1.6 -1.0
2.4000000000000003e-08 -0.2 -1.8 -1.2000000000000002
2.4100000000000004e-08 -0.2 -1.8 -1.2000000000000002
2.4200000000000005e-08 -0.2 -1.8 -1.4000000000000001
2.43e-08 -0.2 -1.8 -1.4000000000000001
2.44e-08 -0.4 -1.8 -1.6
2.45e-08 -0.4 -1.8 -1.6
2.4600000000000002e-08 -0.4 -1.8 -1.6
2.4700000000000003e-08 -0.4 -1.8 -1.6
2.4800000000000004e-08 -0.4 -2.0 -2.0
2.4900000000000005e-08 -0.4 -2.0 -2.0
2.5e-08 -0.4 -1.8 -2.0
2.51e-08 -0.4 -1.8 -2.0
2.52e-08 -0.4 -1.8 -1.8
2.53e-08 -0.4 -1.8 -1.8
2.5400000000000002e-08 -0.4 -1.8 -1.8
2.5500000000000003e-08 -0.4 -1.8 -1.8
2.5600000000000004e-08 -0.4 -1.8 -2.2
2.57e-08 -0.4 -1.8 -2.2
2.5800000000000006e-08 -0.4 -1.8 -2.2
2.59e-08 -0.4 -1.8 -2.2
2.6000000000000008e-08 -0.4 -1.8 -2.2
2.6100000000000002e-08 -0.4 -1.8 -2.2
2.6199999999999996e-08 -0.4 -1.8 -2.2
2.6300000000000004e-08 -0.4 -1.8 -2.2
2.6399999999999998e-08 -0.4 -1.8 -2.4000000000000004
2.6500000000000006e-08 -0.4 -1.8 -2.4000000000000004
2.66e-08 -0.6000000000000001 -1.8 -2.2
2.6700000000000007e-08 -0.6000000000000001 -1.8 -2.2
2.6800000000000002e-08 -0.4 -1.8 -2.2
2.6899999999999996e-08 -0.4 -1.8 -2.2
2.7000000000000004e-08 -0.4 -1.8 -2.2
2.7099999999999998e-08 -0.4 -1.8 -2.2
2.7200000000000005e-08 -0.4 -1.6 -1.8
2.73e-08 -0.4 -1.6 -1.8
2.7400000000000007e-08 -0.4 -1.6 -2.0
2.75e-08 -0.4 -1.6 -2.0
2.7599999999999996e-08 -0.4 -1.6 -2.0
2.7700000000000003e-08 -0.4 -1.6 -2.0
2.7799999999999997e-08 -0.4 -1.6 -2.0
2.7900000000000005e-08 -0.4 -1.6 -2.0
2.8e-08 -0.8 -1.6 -2.0
2.8100000000000007e-08 -0.8 -1.6 -2.0
2.82e-08 -0.6000000000000001 -1.6 -2.0
2.830000000000001e-08 -0.6000000000000001 -1.6 -2.0
2.8400000000000003e-08 -0.6000000000000001 -1.6 -1.8
2.8499999999999997e-08 -0.6000000000000001 -1.6 -1.8
2.8600000000000005e-08 -0.8 -1.4000000000000001 -2.0
2.87e-08 -0.8 -1.4000000000000001 -2.0
2.8800000000000006e-08 -0.6000000000000001 -1.4000000000000001 -1.6
2.89e-08 -0.6000000000000001 -1.4000000000000001 -1.6
2.9000000000000008e-08 -0.6000000000000001 -1.6 -1.6
2.9100000000000002e-08 -0.6000000000000001 -1.6 -1.6
2.9199999999999997e-08 -0.6000000000000001 -1.6 -1.6
2.9300000000000004e-08 -0.6000000000000001 -1.6 -1.6
2.94e-08 -0.8 -1.6 -1.6
2.9500000000000006e-08 -0.8 -1.6 -1.6
2.96e-08 -0.8 -1.4000000000000001 -1.2000000000000002
2.9700000000000008e-08 -0.8 -1.4000000000000001 -1.2000000000000002
2.9800000000000002e-08 -0.8 -1.2000000000000002 -1.2000000000000002
2.9899999999999996e-08 -0.8 -1.2000000000000002 -1.2000000000000002
3.0000000000000004e-08 -0.8 -1.2000000000000002 -1.4000000000000001
3.01e-08 -0.8 -1.2000000000000002 -1.4000000000000001
3.0200000000000006e-08 -0.8 -1.2000000000000002 -1.4000000000000001
3.03e-08 -0.8 -1.2000000000000002 -1.4000000000000001
3.040000000000001e-08 -0.6000000000000001 -1.2000000000000002 -1.2000000000000002
3.05e-08 -0.6000000000000001 -1.2000000000000002 -1.2000000000000002
3.0599999999999996e-08 -0.6000000000000001 -1.2000000000000002 -1.0
3.0700000000000004e-08 -0.6000000000000001 -1.2000000000000002 -1.0
3.08e-08 -0.6000000000000001 -1.2000000000000002 -1.0
3.0900000000000005e-08 -0.6000000000000001 -1.2000000000000002 -1.0
3.1e-08 -0.6000000000000001 -1.2000000000000002 -1.0
3.110000000000001e-08 -0.6000000000000001 -1.2000000000000002 -1.0
3.12e-08 -0.6000000000000001 -1.2000000000000002 -0.8
3.1299999999999996e-08 -0.6000000000000001 -1.2000000000000002 -0.8
3.14e-08 -0.8 -1.2000000000000002 -0.8
3.15e-08 -0.8 -1.2000000000000002 -0.8
3.1600000000000005e-08 -0.8 -1.2000000000000002 -0.8
3.17e-08 -0.8 -1.2000000000000002 -0.8
3.180000000000001e-08 -0.6000000000000001 -1.2000000000000002 -0.6000000000000001
3.19e-08 -0.6000000000000001 -1.2000000000000002 -0.6000000000000001
3.200000000000001e-08 -0.6000000000000001 -1.0 -0.6000000000000001
3.21e-08 -0.6000000000000001 -1.0 -0.6000000000000001
3.22e-08 -0.6000000000000001 -1.0 -0.6000000000000001
3.2300000000000005e-08 -0.6000000000000001 -1.0 -0.6000000000000001
3.24e-08 -0.6000000000000001 -1.0 -0.4
3.2500000000000006e-08 -0.6000000000000001 -1.0 -0.4
3.26e-08 -0.8 -1.0 -0.4
3.270000000000001e-08 -0.8 -1.0 -0.4
3.28e-08 -0.6000000000000001 -1.0 -0.4
3.29e-08 -0.6000000000000001 -1.0 -0.4
3.3000000000000004e-08 -0.6000000000000001 -1.0 -0.4
3.31e-08 -0.6000000000000001 -1.0 -0.4
3.3200000000000006e-08 -0.6000000000000001 -0.8 -0.4
3.33e-08 -0.6000000000000001 -0.8 -0.4
3.340000000000001e-08 -0.6000000000000001 -0.8 -0.4
3.35e-08 -0.6000000000000001 -0.8 -0.4
3.3599999999999996e-08 -0.4 -0.8 -0.2
3.3700000000000004e-08 -0.4 -0.8 -0.2
3.38e-08 -0.4 -0.8 -0.2
3.3900000000000006e-08 -0.4 -0.8 -0.2
3.4e-08 -0.4 -0.6000000000000001 -0.2
3.410000000000001e-08 -0.4 -0.6000000000000001 -0.2
3.42e-08 -0.4 -0.6000000000000001 -0.2
3.4299999999999996e-08 -0.4 -0.6000000000000001 -0.2
3.4400000000000004e-08 -0.4 -0.8 -0.2
3.45e-08 -0.4 -0.8 -0.2
3.4600000000000005e-08 -0.4 -0.6000000000000001 -0.2
3.47e-08 -0.4 -0.6000000000000001 -0.2
3.480000000000001e-08 -0.4 -0.6000000000000001 -0.2
3.49e-08 -0.4 -0.6000000000000001 -0.2
3.500000000000001e-08 -0.4 -0.6000000000000001 -0.2
3.51e-08 -0.4 -0.6000000000000001 -0.2
3.52e-08 -0.4 -0.4 -0.2
3.5300000000000005e-08 -0.4 -0.4 -0.2
3.54e-08 -0.4 -0.4 -0.2
3.550000000000001e-08 -0.4 -0.4 -0.2
3.56e-08 -0.4 -0.2 -0.2
3.570000000000001e-08 -0.4 -0.2 -0.2
3.58e-08 -0.4 -0.2 -0.2
3.59e-08 -0.4 -0.2 -0.2
3.6000000000000005e-08 -0.4 -0.2 0.0
3.61e-08 -0.4 -0.2 0.0
3.6200000000000007e-08 -0.4 -0.2 0.0
3.63e-08 -0.4 -0.2 0.0
3.640000000000001e-08 -0.4 -0.4 -0.2
3.65e-08 -0.4 -0.4 -0.2
3.66e-08 -0.4 -0.2 -0.2
3.6700000000000004e-08 -0.4 -0.2 -0.2
3.68e-08 -0.4 -0.4 -0.2
3.6900000000000006e-08 -0.4 -0.4 -0.2
3.7e-08 -0.4 -0.2 0.0
3.710000000000001e-08 -0.4 -0.2 0.0
3.72e-08 -0.4 0.0 -0.2
3.7299999999999997e-08 -0.4 0.0 -0.2
3.7400000000000004e-08 -0.4 0.0 -0.2
3.75e-08 -0.4 0.0 -0.2
3.7600000000000006e-08 -0.4 0.0 -0.2
3.77e-08 -0.4 0.0 -0.2
3.780000000000001e-08 -0.4 0.0 -0.2
3.79e-08 -0.4 0.0 -0.2
3.7999999999999996e-08 -0.4 0.0 -0.2
3.8100000000000004e-08 -0.4 0.0 -0.2
3.82e-08 -0.4 0.0 -0.2
3.8300000000000005e-08 -0.4 0.0 -0.2
3.84e-08 -0.4 0.0 0.0
3.850000000000001e-08 -0.4 0.0 0.0
3.86e-08 -0.4 0.0 -0.2
3.870000000000001e-08 -0.4 0.0 -0.2
3.8800000000000003e-08 -0.4 0.0 -0.2
3.89e-08 -0.4 0.0 -0.2
3.9000000000000005e-08 -0.4 0.0 -0.2
3.91e-08 -0.4 0.0 -0.2
3.920000000000001e-08 -0.4 0.0 -0.2
3.93e-08 -0.4 0.0 -0.2
3.940000000000001e-08 -0.4 -0.2 -0.2
3.95e-08 -0.4 -0.2 -0.2
3.96e-08 -0.4 0.0 0.0
3.9700000000000005e-08 -0.4 0.0 0.0
3.98e-08 -0.4 0.0 0.0
3.9900000000000007e-08 -0.4 0.0 0.0
4e-08 -0.4 -0.2 -0.2
4.010000000000001e-08 -0.4 -0.2 -0.2
4.02e-08 -0.4 0.0 -0.2
4.03e-08 -0.4 0.0 -0.2
4.0400000000000004e-08 -0.4 0.0 -0.2
4.05e-08 -0.4 0.0 -0.2
4.0600000000000006e-08 -0.4 -0.2 -0.2
4.07e-08 -0.4 -0.2 -0.2
4.080000000000001e-08 -0.4 -0.4 -0.2
4.09e-08 -0.4 -0.4 -0.2
4.0999999999999997e-08 -0.4 -0.4 -0.2
4.1100000000000004e-08 -0.4 -0.4 -0.2
4.12e-08 -0.4 -0.4 -0.2
4.1300000000000006e-08 -0.4 -0.4 -0.2
4.14e-08 -0.4 -0.4 0.0
4.150000000000001e-08 -0.4 -0.4 0.0
4.16e-08 -0.2 -0.4 -0.2
4.1699999999999996e-08 -0.2 -0.4 -0.2
4.1800000000000004e-08 -0.2 -0.4 -0.2
4.19e-08 -0.2 -0.4 -0.2
4.2000000000000006e-08 -0.2 -0.4 -0.2
4.21e-08 -0.2 -0.4 -0.2
4.220000000000001e-08 -0.2 -0.4 -0.2
4.23e-08 -0.2 -0.4 -0.2
4.240000000000001e-08 -0.2 -0.4 -0.6000000000000001
4.2500000000000003e-08 -0.2 -0.4 -0.6000000000000001
4.26e-08 -0.2 -0.4 -0.4
4.2700000000000005e-08 -0.2 -0.4 -0.4
4.28e-08 -0.2 -0.8 -0.4
4.290000000000001e-08 -0.2 -0.8 -0.4
4.3e-08 0.0 -0.8 -0.6000000000000001
4.310000000000001e-08 0.0 -0.8 -0.6000000000000001
4.32e-08 -0.2 -0.8 -0.6000000000000001
4.33e-08 -0.2 -0.8 -0.6000000000000001
4.3400000000000005e-08 -0.2 -0.8 -0.4
4.35e-08 -0.2 -0.8 -0.4
4.3600000000000007e-08 0.0 -0.6000000000000001 -0.4
4.37e-08 0.0 -0.6000000000000001 -0.4
4.380000000000001e-08 -0.2 -0.6000000000000001 -0.4
4.39e-08 -0.2 -0.6000000000000001 -0.4
4.4e-08 -0.2 -0.8 -0.4
4.4100000000000004e-08 -0.2 -0.8 -0.4
4.42e-08 -0.2 -0.6000000000000001 -0.4
4.4300000000000006e-08 -0.2 -0.6000000000000001 -0.4
4.44e-08 -0.2 -1.0 -0.6000000000000001
4.450000000000001e-08 -0.2 -1.0 -0.6000000000000001
4.46e-08 -0.2 -1.0 -0.4
4.4699999999999997e-08 -0.2 -1.0 -0.4
4.4800000000000004e-08 -0.2 -1.0 -0.4
4.49e-08 -0.2 -1.0 -0.4
4.5000000000000006e-08 -0.2 -1.0 -0.4
4.51e-08 -0.2 -1.0 -0.4
4.520000000000001e-08 -0.2 -1.0 -0.4
4.53e-08 -0.2 -1.0 -0.4
4.5399999999999996e-08 -0.2 -1.0 -0.4
4.5500000000000004e-08 -0.2 -1.0 -0.4
4.56e-08 -0.2 -1.0 -0.6000000000000001
4.5700000000000006e-08 -0.2 -1.0 -0.6000000000000001
4.58e-08 -0.2 -1.0 -0.4
4.590000000000001e-08 -0.2 -1.0 -0.4
4.6e-08 0.0 -1.0 -0.8
4.610000000000001e-08 0.0 -1.0 -0.8
4.6200000000000003e-08 -0.2 -1.0 -0.8
4.63e-08 -0.2 -1.0 -0.8
4.6400000000000005e-08 -0.2 -0.8 -0.8
4.65e-08 -0.2 -0.8 -0.8
4.660000000000001e-08 -0.2 -1.0 -0.8
4.67e-08 -0.2 -1.0 -0.8
4.680000000000001e-08 -0.2 -1.0 -0.8
4.69e-08 -0.2 -1.0 -0.8
4.7e-08 -0.2 -1.0 -0.8
4.7100000000000005e-08 -0.2 -1.0 -0.8
4.72e-08 -0.2 -1.0 -0.8
4.7300000000000007e-08 -0.2 -1.0 -0.8
4.74e-08 0.0 -1.0 -0.8
4.750000000000001e-08 0.0 -1.0 -0.8
4.76e-08 0.0 -1.0 -0.8
4.77e-08 0.0 -1.0 -0.8
4.7800000000000005e-08 -0.2 -0.8 -0.6000000000000001
4.79e-08 -0.2 -0.8 -0.6000000000000001
4.8000000000000006e-08 -0.2 -1.0 -0.8
4.81e-08 -0.2 -1.0 -0.8
4.820000000000001e-08 -0.2 -0.8 -0.8
4.83e-08 -0.2 -0.8 -0.8
4.8399999999999997e-08 -0.2 -1.0 -0.8
4.8500000000000004e-08 -0.2 -1.0 -0.8
4.86e-08 -0.2 -1.0 -0.8
4.8700000000000006e-08 -0.2 -1.0 -0.8
4.88e-08 -0.2 -1.0 -0.8
4.890000000000001e-08 -0.2 -1.0 -0.8
4.9e-08 -0.2 -1.0 -0.6000000000000001
4.910000000000001e-08 -0.2 -1.0 -0.6000000000000001
4.9200000000000004e-08 -0.2 -1.0 -0.6000000000000001
4.93e-08 -0.2 -1.0 -0.6000000000000001
4.9400000000000006e-08 -0.2 -1.0 -0.8
4.95e-08 -0.2 -1.0 -0.8
4.960000000000001e-08 -0.2 -1.0 -0.8
4.97e-08 -0.2 -1.0 -0.8
4.980000000000001e-08 -0.2 -1.0 -0.6000000000000001
4.9900000000000003e-08 -0.2 -1.0 -0.6000000000000001
5e-08 -0.2 -1.0 -0.8
5.0100000000000005e-08 -0.2 -1.0 -0.8
5.02e-08 -0.2 -0.8 -0.8
5.030000000000001e-08 -0.2 -0.8 -0.8
5.04e-08 -0.2 -1.0 -0.6000000000000001
5.050000000000001e-08 -0.2 -1.0 -0.6000000000000001
5.06e-08 -0.2 -0.8 -0.6000000000000001
5.07e-08 -0.2 -0.8 -0.6000000000000001
5.0800000000000005e-08 -0.2 -1.0 -0.6000000000000001
5.09e-08 -0.2 -1.0 -0.6000000000000001
5.100000000000001e-08 -0.2 -1.0 -0.8
5.11e-08 -0.2 -1.0 -0.8
5.120000000000001e-08 0.0 -1.0 -0.8
5.13e-08 0.0 -1.0 -0.8
5.14e-08 -0.2 -1.0 -0.8
5.1500000000000005e-08 -0.2 -1.0 -0.8
5.16e-08 -0.2 -1.0 -0.6000000000000001
5.1700000000000006e-08 -0.2 -1.0 -0.6000000000000001
5.18e-08 -0.2 -0.8 -0.6000000000000001
5.190000000000001e-08 -0.2 -0.8 -0.6000000000000001
5.2e-08 -0.2 -0.8 -0.4
5.2099999999999997e-08 -0.2 -0.8 -0.4
5.2200000000000004e-08 -0.2 -0.8 -0.4
5.23e-08 -0.2 -0.8 -0.4
5.2400000000000006e-08 -0.2 -1.0 -0.4
5.25e-08 -0.2 -1.0 -0.4
5.260000000000001e-08 -0.2 -0.8 -0.4
5.27e-08 -0.2 -0.8 -0.4
5.280000000000001e-08 0.0 -1.0 -0.4
5.2900000000000004e-08 0.0 -1.0 -0.4
5.3e-08 0.0 -0.8 -0.4
5.3100000000000006e-08 0.0 -0.8 -0.4
5.32e-08 0.0 -0.8 -0.6000000000000001
5.330000000000001e-08 0.0 -0.8 -0.6000000000000001
5.34e-08 -0.2 -0.8 -0.4
5.350000000000001e-08 -0.2 -0.8 -0.4
5.3600000000000004e-08 -0.2 -0.6000000000000001 -0.4
5.37e-08 -0.2 -0.6000000000000001 -0.4
5.3800000000000005e-08 -0.2 -0.6000000000000001 -0.4
5.39e-08 -0.2 -0.6000000000000001 -0.4
5.400000000000001e-08 0.0 -0.6000000000000001 -0.4
5.41e-08 0.0 -0.6000000000000001 -0.4
5.420000000000001e-08 0.0 -0.6000000000000001 -0.4
5.43e-08 0.0 -0.6000000000000001 -0.4
5.44e-08 -0.2 -0.6000000000000001 -0.4
5.4500000000000005e-08 -0.2 -0.6000000000000001 -0.4
5.46e-08 -0.2 -0.6000000000000001 -0.4
5.470000000000001e-08 -0.2 -0.6000000000000001 -0.4
5.48e-08 -0.2 -0.6000000000000001 -0.4
5.490000000000001e-08 -0.2 -0.6000000000000001 -0.4
5.5e-08 0.0 -0.6000000000000001 -0.6000000000000001
5.51e-08 0.0 -0.6000000000000001 -0.6000000000000001
5.5200000000000005e-08 -0.2 -0.6000000000000001 -0.4
5.53e-08 -0.2 -0.6000000000000001 -0.4
5.5400000000000006e-08 -0.2 -0.6000000000000001 -0.4
5.55e-08 -0.2 -0.6000000000000001 -0.4
5.560000000000001e-08 0.0 -0.2 -0.4
5.57e-08 0.0 -0.2 -0.4
5.58e-08 0.0 -0.4 -0.4
5.5900000000000004e-08 0.0 -0.4 -0.4
5.6e-08 0.0 -0.4 -0.4
5.6100000000000006e-08 0.0 -0.4 -0.4
5.62e-08 -0.2 -0.4 -0.4
5.630000000000001e-08 -0.2 -0.4 -0.4
5.64e-08 -0.4 -0.4 -0.4
5.650000000000001e-08 -0.4 -0.4 -0.4
5.6600000000000004e-08 -0.4 -0.4 -0.4
5.67e-08 -0.4 -0.4 -0.4
5.6800000000000006e-08 -0.4 -0.4 -0.4
5.69e-08 -0.4 -0.4 -0.4
5.700000000000001e-08 -0.4 -0.4 -0.4
5.71e-08 -0.4 -0.4 -0.4
5.720000000000001e-08 -0.4 -0.4 -0.4
5.7300000000000004e-08 -0.4 -0.4 -0.4
5.74e-08 -0.4 -0.4 -0.4
5.7500000000000005e-08 -0.4 -0.4 -0.4
5.76e-08 -0.4 -0.2 -0.6000000000000001
5.770000000000001e-08 -0.4 -0.2 -0.6000000000000001
5.78e-08 -0.4 -0.4 -0.4
5.790000000000001e-08 -0.4 -0.4 -0.4
5.8e-08 -0.4 -0.4 -0.4
5.81e-08 -0.4 -0.4 -0.4
5.8200000000000005e-08 -0.4 -0.4 -0.4
5.83e-08 -0.4 -0.4 -0.4
5.840000000000001e-08 -0.4 -0.4 -0.6000000000000001
5.85e-08 -0.4 -0.4 -0.6000000000000001
5.860000000000001e-08 -0.4 -0.4 -0.4
5.87e-08 -0.4 -0.4 -0.4
5.88e-08 -0.4 -0.4 -0.4
5.8900000000000005e-08 -0.4 -0.4 -0.4
5.9e-08 -0.4 -0.2 -0.4
5.9100000000000006e-08 -0.4 -0.2 -0.4
5.92e-08 -0.4 -0.4 -0.4
5.930000000000001e-08 -0.4 -0.4 -0.4
5.94e-08 -0.4 -0.2 -0.4
5.95e-08 -0.4 -0.2 -0.4
5.9600000000000004e-08 -0.4 -0.2 -0.4
5.97e-08 -0.4 -0.2 -0.4
5.98e-08 -0.4 -0.4 -0.4
5.99e-08 -0.4 -0.4 -0.4
6.000000000000001e-08 -0.4 -0.4 -0.4
6.01e-08 -0.4 -0.4 -0.4
6.020000000000001e-08 -0.4 -0.4 -0.4
6.03e-08 -0.4 -0.4 -0.4
6.04e-08 -0.4 -0.2 -0.4
6.05e-08 -0.4 -0.2 -0.4
6.06e-08 -0.4 -0.4 -0.4
6.070000000000001e-08 -0.4 -0.4 -0.4
6.08e-08 -0.4 -0.4 -0.4
6.090000000000001e-08 -0.4 -0.4 -0.4
6.1e-08 -0.4 -0.4 -0.4
6.11e-08 -0.4 -0.4 -0.4
6.12e-08 -0.4 -0.4 -0.4
6.13e-08 -0.4 -0.4 -0.4
6.140000000000001e-08 -0.4 -0.4 -0.4
6.15e-08 -0.4 -0.4 -0.4
6.160000000000001e-08 -0.4 -0.6000000000000001 -0.4
6.17e-08 -0.4 -0.6000000000000001 -0.4
6.18e-08 -0.4 -0.6000000000000001 -0.4
6.19e-08 -0.4 -0.6000000000000001 -0.4
6.2e-08 -0.4 -0.6000000000000001 -0.4
6.210000000000001e-08 -0.4 -0.6000000000000001 -0.4
6.22e-08 -0.4 -0.6000000000000001 -0.4
6.230000000000001e-08 -0.4 -0.6000000000000001 -0.4
6.24e-08 -0.4 -0.6000000000000001 -0.4
6.25e-08 -0.4 -0.6000000000000001 -0.4
6.26e-08 -0.4 -0.6000000000000001 -0.6000000000000001
6.27e-08 -0.4 -0.6000000000000001 -0.6000000000000001
6.28e-08 -0.4 -0.6000000000000001 -0.4
6.29e-08 -0.4 -0.6000000000000001 -0.4
6.300000000000001e-08 -0.4 -0.6000000000000001 -0.4
6.31e-08 -0.4 -0.6000000000000001 -0.4
6.320000000000001e-08 -0.4 -0.6000000000000001 -0.4
6.33e-08 -0.4 -0.6000000000000001 -0.4
6.34e-08 -0.4 -0.6000000000000001 -0.4
6.35e-08 -0.4 -0.6000000000000001 -0.4
6.36e-08 -0.4 -0.6000000000000001 -0.6000000000000001
6.370000000000001e-08 -0.4 -0.6000000000000001 -0.6000000000000001
6.38e-08 -0.4 -0.6000000000000001 -0.6000000000000001
6.390000000000001e-08 -0.4 -0.6000000000000001 -0.6000000000000001
6.4e-08 -0.4 -0.6000000000000001 -0.4
6.41e-08 -0.4 -0.6000000000000001 -0.4
6.42e-08 -0.4 -0.8 -0.4
6.43e-08 -0.4 -0.8 -0.4
6.440000000000001e-08 -0.4 -0.6000000000000001 -0.6000000000000001
6.45e-08 -0.4 -0.6000000000000001 -0.6000000000000001
6.460000000000001e-08 -0.4 -0.6000000000000001 -0.4
6.47e-08 -0.4 -0.6000000000000001 -0.4
6.48e-08 -0.4 -0.6000000000000001 -0.4
6.49e-08 -0.4 -0.6000000000000001 -0.4
6.5e-08 -0.4 -0.6000000000000001 -0.4
6.510000000000001e-08 -0.4 -0.6000000000000001 -0.4
6.52e-08 -0.4 -0.6000000000000001 -0.4
6.530000000000001e-08 -0.4 -0.6000000000000001 -0.4
6.54e-08 -0.4 -0.6000000000000001 -0.4
6.55e-08 -0.4 -0.6000000000000001 -0.4
6.56e-08 -0.4 -0.6000000000000001 -0.8
6.57e-08 -0.4 -0.6000000000000001 -0.8
6.580000000000001e-08 -0.4 -0.6000000000000001 -0.8
6.59e-08 -0.4 -0.6000000000000001 -0.8
6.600000000000001e-08 -0.4 -0.6000000000000001 -0.8
6.61e-08 -0.4 -0.6000000000000001 -0.8
6.62e-08 -0.4 -0.6000000000000001 -0.8
6.63e-08 -0.4 -0.6000000000000001 -0.8
6.64e-08 -0.4 -0.6000000000000001 -0.8
6.65e-08 -0.4 -0.6000000000000001 -0.8
6.66e-08 -0.4 -0.8 -0.8
6.670000000000001e-08 -0.4 -0.8 -0.8
6.68e-08 -0.4 -0.6000000000000001 -0.8
6.690000000000001e-08 -0.4 -0.6000000000000001 -0.8
6.7e-08 -0.4 -0.6000000000000001 -0.8
6.71e-08 -0.4 -0.6000000000000001 -0.8
6.72e-08 -0.4 -0.8 -0.8
6.73e-08 -0.4 -0.8 -0.8
6.740000000000001e-08 -0.4 -0.8 -0.6000000000000001
6.75e-08 -0.4 -0.8 -0.6000000000000001
6.760000000000001e-08 -0.4 -0.6000000000000001 -0.6000000000000001
6.77e-08 -0.4 -0.6000000000000001 -0.6000000000000001
6.78e-08 -0.4 -0.6000000000000001 -0.8
6.79e-08 -0.4 -0.6000000000000001 -0.8
6.8e-08 -0.4 -0.6000000000000001 -0.8
6.810000000000001e-08 -0.4 -0.6000000000000001 -0.8
6.82e-08 -0.4 -0.6000000000000001 -0.8
6.830000000000001e-08 -0.4 -0.6000000000000001 -0.8
6.84e-08 -0.4 -0.6000000000000001 -0.8
6.85e-08 -0.4 -0.6000000000000001 -0.8
6.86e-08 -0.4 -0.6000000000000001 -0.8
6.87e-08 -0.4 -0.6000000000000001 -0.8
6.880000000000001e-08 -0.4 -0.6000000000000001 -0.4
6.89e-08 -0.4 -0.6000000000000001 -0.4
6.900000000000001e-08 -0.4 -0.6000000000000001 -0.4
6.91e-08 -0.4 -0.6000000000000001 -0.4
6.92e-08 -0.4 -0.6000000000000001 -0.4
6.93e-08 -0.4 -0.6000000000000001 -0.4
6.94e-08 -0.4 -0.6000000000000001 -0.4
6.950000000000001e-08 -0.4 -0.6000000000000001 -0.4
6.96e-08 -0.4 -0.6000000000000001 -0.4
6.970000000000001e-08 -0.4 -0.6000000000000001 -0.4
6.98e-08 -0.4 -0.6000000000000001 -0.4
6.99e-08 -0.4 -0.6000000000000001 -0.4
7e-08 -0.4 -0.6000000000000001 -0.4
7.01e-08 -0.4 -0.6000000000000001 -0.4
7.02e-08 -0.4 -0.6000000000000001 -0.4
7.03e-08 -0.4 -0.6000000000000001 -0.4
7.040000000000001e-08 -0.4 -0.6000000000000001 -0.4
7.05e-08 -0.4 -0.6000000000000001 -0.4
7.060000000000001e-08 -0.4 -0.6000000000000001 -0.4
7.07e-08 -0.4 -0.6000000000000001 -0.4
7.08e-08 -0.4 -0.6000000000000001 -0.6000000000000001
7.09e-08 -0.4 -0.6000000000000001 -0.6000000000000001
7.1e-08 -0.4 -0.6000000000000001 -0.4
7.110000000000001e-08 -0.4 -0.6000000000000001 -0.4
7.12e-08 -0.4 -0.6000000000000001 -0.4
7.130000000000001e-08 -0.4 -0.6000000000000001 -0.4
7.14e-08 -0.4 -0.6000000000000001 -0.4
7.15e-08 -0.4 -0.6000000000000001 -0.4
7.16e-08 -0.4 -0.8 -0.6000000000000001
7.17e-08 -0.4 -0.8 -0.6000000000000001
7.180000000000001e-08 -0.4 -0.8 -0.4
7.19e-08 -0.4 -0.8 -0.4
7.200000000000001e-08 -0.4 -0.8 -0.4
7.21e-08 -0.4 -0.8 -0.4
7.22e-08 -0.4 -0.8 -0.4
7.23e-08 -0.4 -0.8 -0.4
7.24e-08 -0.4 -0.8 -0.6000000000000001
7.250000000000001e-08 -0.4 -0.8 -0.6000000000000001
7.26e-08 -0.4 -0.6000000000000001 -0.4
7.270000000000001e-08 -0.4 -0.6000000000000001 -0.4
7.28e-08 -0.4 -0.6000000000000001 -0.4
7.29e-08 -0.4 -0.6000000000000001 -0.4
7.3e-08 -0.4 -0.6000000000000001 -0.4
7.31e-08 -0.4 -0.6000000000000001 -0.4
7.320000000000001e-08 -0.4 -0.6000000000000001 -0.4
7.33e-08 -0.4 -0.6000000000000001 -0.4
7.340000000000001e-08 -0.4 -0.6000000000000001 -0.4
7.35e-08 -0.4 -0.6000000000000001 -0.4
7.36e-08 -0.4 -0.8 -0.4
7.37e-08 -0.4 -0.8 -0.4
7.38e-08 -0.4 -0.8 -0.4
7.39e-08 -0.4 -0.8 -0.4
7.4e-08 -0.4 -0.6000000000000001 -0.4
7.410000000000001e-08 -0.4 -0.6000000000000001 -0.4
7.42e-08 -0.4 -0.6000000000000001 -0.6000000000000001
7.430000000000001e-08 -0.4 -0.6000000000000001 -0.6000000000000001
7.44e-08 -0.4 -0.6000000000000001 -0.4
7.45e-08 -0.4 -0.6000000000000001 -0.4
7.46e-08 -0.4 -0.6000000000000001 -0.4
7.47e-08 -0.4 -0.6000000000000001 -0.4
7.480000000000001e-08 -0.4 -0.6000000000000001 -0.4
7.49e-08 -0.4 -0.6000000000000001 -0.4
7.500000000000001e-08 -0.4 -0.6000000000000001 -0.4
7.51e-08 -0.4 -0.6000000000000001 -0.4
7.52e-08 -0.4 -0.6000000000000001 -0.4
7.53e-08 -0.4 -0.6000000000000001 -0.4
7.54e-08 -0.4 -0.6000000000000001 -0.4
7.550000000000001e-08 -0.4 -0.6000000000000001 -0.4
7.56e-08 -0.4 -0.6000000000000001 -0.4
7.570000000000001e-08 -0.4 -0.6000000000000001 -0.4
7.58e-08 -0.4 -0.6000000000000001 -0.4
7.59e-08 -0.4 -0.6000000000000001 -0.4
7.6e-08 -0.4 -0.6000000000000001 -0.4
7.61e-08 -0.4 -0.6000000000000001 -0.4
7.620000000000001e-08 -0.4 -0.6000000000000001 -0.4
7.63e-08 -0.4 -0.6000000000000001 -0.4
7.640000000000001e-08 -0.4 -0.8 -0.4
7.65e-08 -0.4 -0.8 -0.4
7.66e-08 -0.4 -0.6000000000000001 -0.6000000000000001
7.67e-08 -0.4 -0.6000000000000001 -0.6000000000000001
7.68e-08 -0.4 -0.6000000000000001 -0.6000000000000001
7.690000000000001e-08 -0.4 -0.6000000000000001 -0.6000000000000001
7.7e-08 -0.4 -0.6000000000000001 -0.4
7.710000000000001e-08 -0.4 -0.6000000000000001 -0.4
7.72e-08 -0.4 -0.6000000000000001 -0.4
7.730000000000001e-08 -0.4 -0.6000000000000001 -0.4
7.74e-08 -0.4 -0.6000000000000001 -0.4
7.75e-08 -0.4 -0.6000000000000001 -0.4
7.760000000000001e-08 -0.4 -0.6000000000000001 -0.4
7.77e-08 -0.4 -0.6000000000000001 -0.4
7.780000000000001e-08 -0.4 -0.6000000000000001 -0.4
7.79e-08 -0.4 -0.6000000000000001 -0.4
7.800000000000001e-08 -0.4 -0.6000000000000001 -0.4
7.81e-08 -0.4 -0.6000000000000001 -0.4
7.82e-08 -0.4 -0.6000000000000001 -0.4
7.83e-08 -0.4 -0.6000000000000001 -0.4
7.84e-08 -0.4 -0.6000000000000001 -0.4
7.850000000000001e-08 -0.4 -0.6000000000000001 -0.4
7.86e-08 -0.4 -0.6000000000000001 -0.4
7.870000000000001e-08 -0.4 -0.6000000000000001 -0.4
7.88e-08 -0.4 -0.6000000000000001 -0.4
7.89e-08 -0.4 -0.6000000000000001 -0.4
7.9e-08 -0.4 -0.6000000000000001 -0.6000000000000001
7.91e-08 -0.4 -0.6000000000000001 -0.6000000000000001
7.920000000000001e-08 -0.4 -0.6000000000000001 -0.4
7.93e-08 -0.4 -0.6000000000000001 -0.4
7.940000000000001e-08 -0.4 -0.6000000000000001 -0.4
7.95e-08 -0.4 -0.6000000000000001 -0.4
7.96e-08 -0.4 -0.6000000000000001 -0.4
7.97e-08 -0.4 -0.6000000000000001 -0.4
7.98e-08 -0.4 -0.6000000000000001 -0.4
7.990000000000001e-08 -0.4 -0.6000000000000001 -0.4
8e-08 -0.4 -0.6000000000000001 -0.4
8.010000000000001e-08 -0.4 -0.6000000000000001 -0.4
8.02e-08 -0.4 -0.6000000000000001 -0.4
8.03e-08 -0.4 -0.6000000000000001 -0.4
8.04e-08 -0.4 -0.6000000000000001 -0.4
8.05e-08 -0.4 -0.6000000000000001 -0.4
8.060000000000001e-08 -0.4 -0.6000000000000001 -0.4
8.07e-08 -0.4 -0.6000000000000001 -0.4
8.080000000000001e-08 -0.4 -0.8 -0.4
8.09e-08 -0.4 -0.8 -0.4
8.100000000000001e-08 -0.4 -0.8 -0.4
8.11e-08 -0.4 -0.8 -0.4
8.12e-08 -0.4 -0.8 -0.6000000000000001
8.130000000000001e-08 -0.4 -0.8 -0.6000000000000001
8.14e-08 -0.4 -0.6000000000000001 -0.4
8.150000000000001e-08 -0.4 -0.6000000000000001 -0.4
8.16e-08 -0.4 -0.6000000000000001 -0.4
8.170000000000001e-08 -0.4 -0.6000000000000001 -0.4
8.18e-08 -0.4 -0.8 -0.4
8.19e-08 -0.4 -0.8 -0.4
8.2e-08 -0.4 -0.6000000000000001 -0.6000000000000001
8.21e-08 -0.4 -0.6000000000000001 -0.6000000000000001
8.220000000000001e-08 -0.4 -0.6000000000000001 -0.6000000000000001
8.23e-08 -0.4 -0.6000000000000001 -0.6000000000000001
8.240000000000001e-08 -0.4 -0.6000000000000001 -0.4
8.25e-08 -0.4 -0.6000000000000001 -0.4
8.26e-08 -0.4 -0.6000000000000001 -0.4
8.27e-08 -0.4 -0.6000000000000001 -0.4
8.28e-08 -0.4 -0.6000000000000001 -0.6000000000000001
8.290000000000001e-08 -0.4 -0.6000000000000001 -0.6000000000000001
8.3e-08 -0.4 -0.6000000000000001 -0.4
8.310000000000001e-08 -0.4 -0.6000000000000001 -0.4
8.32e-08 -0.4 -0.6000000000000001 -0.4
8.33e-08 -0.4 -0.6000000000000001 -0.4
8.34e-08 -0.4 -0.8 -0.4
8.35e-08 -0.4 -0.8 -0.4
8.360000000000001e-08 -0.4 -0.6000000000000001 -0.4
8.37e-08 -0.4 -0.6000000000000001 -0.4
8.380000000000001e-08 -0.4 -0.6000000000000001 -0.4
8.39e-08 -0.4 -0.6000000000000001 -0.4
8.4e-08 -0.4 -0.6000000000000001 -0.4
8.41e-08 -0.4 -0.6000000000000001 -0.4
8.42e-08 -0.4 -0.6000000000000001 -0.6000000000000001
8.430000000000001e-08 -0.4 -0.6000000000000001 -0.6000000000000001
8.44e-08 -0.4 -0.6000000000000001 -0.6000000000000001
8.450000000000001e-08 -0.4 -0.6000000000000001 -0.6000000000000001
8.46e-08 -0.4 -0.8 -0.6000000000000001
8.470000000000001e-08 -0.4 -0.8 -0.6000000000000001
8.48e-08 -0.4 -1.0 -0.4
8.49e-08 -0.4 -1.0 -0.4
8.500000000000001e-08 -0.4 -0.8 -0.4
8.51e-08 -0.4 -0.8 -0.4
8.520000000000001e-08 -0.4 -1.0 -0.4
8.530000000000002e-08 -0.4 -1.0 -0.4
8.54e-08 -0.4 -0.8 -0.4
8.55e-08 -0.4 -0.8 -0.4
8.560000000000001e-08 -0.4 -0.8 -0.4
8.569999999999999e-08 -0.4 -0.8 -0.4
8.58e-08 -0.4 -1.0 -0.4
8.590000000000001e-08 -0.4 -1.0 -0.4
